F1 F2 F3 F4 F5 F6 F7 F8 F9 F10 group
-0.24 0.99 2.64 7.01 -13.23 3.82 0.39 -1.58 -8.07 -6.64 1
-4.16 9.5 -6.87 10.72 -16.18 -1.34 -2.19 -1.89 -6.21 -7.94 ?
-4.53 -0.34 -4.59 7.88 -8.89 -0.15 -0.62 4.22 -8.49 -5.23 ?
-4.18 7.42 -4.36 7.54 -9.51 5.0 0.72 3.19 -14.21 -4.63 1
0.68 0.76 -2.64 6.17 -9.67 1.23 -1.36 -3.31 -7.58 -8.66 ?
-0.13 3.29 -12.32 -1.03 -10.38 -6.43 -9.27 0.42 -0.82 0.16 ?
0.16 5.74 -3.17 7.65 -10.94 2.35 -3.16 3.46 -7.65 -8.85 ?
5.11 5.75 -10.04 -4.26 -2.46 -7.34 -5.72 -7.42 -3.59 -3.24 ?
0.59 6.83 -7.14 9.94 -10.35 4.27 -0.13 2.88 -8.35 -10.65 ?
-1.88 4.24 -8.19 -4.47 -8.26 -8.88 -6.66 -4.26 -1.85 -0.4 ?
0.15 2.18 -10.74 -0.33 -4.83 -11.41 -3.69 -0.13 -2.73 1.58 ?
-2.9 2.56 -7.52 3.34 -10.13 1.31 -2.92 4.31 -4.62 -8.42 1
0.66 6.12 -6.86 -5.4 -5.54 -4.77 -2.38 -5.02 -2.67 1.69 ?
1.12 8.11 -3.11 11.15 -11.12 0.98 0.71 4.08 -7.4 -2.93 ?
-4.35 -0.29 -11.63 -2.81 -6.1 -1.63 -2.8 -5.59 -2.44 4.23 ?
-1.95 0.56 -6.9 8.71 -8.64 -0.09 -4.77 -1.21 -7.33 -5.81 1
-3.64 5.67 -10.11 -9.84 -5.79 -8.92 -4.07 -4.63 3.47 -1.5 ?
3.71 2.75 -3.27 9.22 -7.72 2.65 -2.54 1.36 -3.42 -4.57 1
-2.26 3.46 -9.54 -4.72 0.71 -10.68 -5.99 -4.22 -3.75 -0.83 ?
-3.07 4.42 -12.77 -4.04 -7.56 -10.82 -10.71 -0.94 -0.88 -0.89 ?
-2.72 4.23 -6.76 0.89 -11.02 -5.9 -9.29 -2.58 -3.48 1.27 ?
-0.21 2.6 -5.94 7.14 -7.66 4.96 -3.01 2.11 -6.65 -1.94 1
-2.02 6.6 -11.05 -3.51 -6.12 -6.41 -2.68 -1.47 -0.63 -2.75 ?
-0.86 4.45 -4.96 -8.93 -8.57 -6.1 -8.23 -4.75 -0.59 0.94 ?
2.83 6.25 -13.04 0.27 -7.61 -9.9 -8.73 -1.73 1.55 -0.61 ?
-0.24 2.78 -12.28 -5.64 -7.17 -8.68 -2.58 -5.85 -4.68 4.86 ?
-4.18 3.93 -8.03 5.21 -12.34 2.96 -5.44 6.32 -7.75 -5.28 ?
1.09 4.29 -8.88 -1.47 -5.12 -3.86 -5.19 -7.13 -4.85 4.02 ?
-0.52 2.48 -3.83 5.02 -6.02 5.44 -1.59 -2.83 -9.69 -7.27 ?
-4.22 3.29 -9.3 10.66 -6.82 5.24 -4.43 4.18 -6.32 -2.21 1
2.65 7.4 -8.49 -0.19 -5.89 -7.04 -3.87 -2.73 -2.99 -2.42 ?
-1.26 6.75 -11.67 0.7 -3.83 -11.21 -3.85 -2.82 -3.39 0.02 ?
-0.55 2.01 -6.25 4.34 -7.54 2.74 -0.78 2.33 -7.1 -5.37 1
-2.54 6.24 -11.68 -8.06 -4.23 -4.21 -10.74 -6.19 -1.84 -1.74 ?
-1.23 5.4 -7.15 11.41 -7.71 1.3 0.22 3.38 -3.17 -6.39 ?
1.27 3.78 -7.83 6.79 -6.12 3.43 -3.06 3.83 -4.32 -1.96 ?
-1.18 4.69 -11.61 -3.05 -6.77 -5.44 -3.4 -2.64 -2.97 -0.76 ?
-6.81 5.07 -9.51 7.49 -12.03 3.98 -0.16 3.7 -5.63 -3.32 ?
4.85 1.77 -6.86 -2.19 -5.5 -8.71 -5.82 -0.15 -2.79 1.38 ?
-1.27 3.14 -9.48 4.72 -9.93 -0.6 -1.66 2.42 -8.96 -7.62 ?
-4.38 5.45 -4.62 15.72 -7.0 1.57 -2.86 1.39 -7.12 -3.97 ?
0.18 1.83 -9.53 -6.71 -4.05 -8.2 -2.69 -3.32 -5.96 -1.25 ?
-0.52 4.11 -7.1 5.76 -9.48 2.28 -6.29 5.24 -8.82 -3.94 ?
-0.64 6.31 -8.37 -4.39 -6.59 -7.65 -7.99 -2.75 -1.51 -0.14 ?
4.29 0.14 -9.05 0.85 -6.71 -9.48 -3.23 2.34 -2.5 3.64 ?
-5.03 5.29 -10.63 -5.95 -10.79 -9.79 -5.53 -3.39 -0.47 -1.12 ?
-2.57 -0.74 -4.66 6.01 -8.28 -0.63 -5.35 -2.65 -7.25 -7.89 ?
-1.06 0.92 -4.21 7.68 -8.52 7.95 -4.06 -2.26 -7.13 -6.71 ?
-5.17 3.17 -9.16 -4.12 -10.3 -4.62 -5.47 -0.67 -0.18 -0.82 ?
-6.89 1.66 -7.05 8.18 -11.04 2.24 -4.16 2.61 -5.69 -6.12 1
-4.33 1.56 -6.1 -1.18 -4.93 -3.77 -5.27 -3.31 -0.91 -3.73 ?
-1.32 -0.44 -7.79 -4.06 -8.07 -6.9 -4.93 0.66 2.95 1.57 ?
0.22 3.25 -8.71 -4.55 -6.21 -5.91 -7.87 -1.94 -6.0 3.12 ?
2.29 5.97 -4.2 8.73 -10.58 3.59 -1.98 2.85 -1.72 -7.55 ?
-6.87 2.93 -7.68 1.86 -1.9 -5.89 -2.98 -4.35 -0.21 -2.19 ?
-3.98 2.68 -2.46 9.96 -9.69 3.18 0.77 3.08 -9.78 -4.84 ?
-0.58 2.49 -4.94 5.98 -8.58 -1.26 -0.81 0.9 -12.37 -3.59 1
-3.04 5.15 -9.62 -4.88 -7.16 -9.46 -4.62 -4.63 -1.21 1.45 ?
2.2 5.9 -15.65 -6.11 -9.61 -10.02 -5.66 -4.81 0.88 3.44 ?
0.93 2.34 -3.1 10.74 -10.69 1.49 -3.62 2.62 -4.57 -5.18 ?
-7.45 0.14 -11.86 -1.28 -6.32 -13.18 -6.82 0.78 -2.96 -1.02 ?
0.31 4.78 -8.07 7.49 -12.31 2.28 0.2 3.68 -3.69 -5.0 1
-4.31 -0.38 -11.25 -3.3 -9.08 -7.43 -5.56 -4.79 -0.86 -0.73 ?
2.82 3.02 -7.82 7.83 -10.14 0.6 1.04 5.91 -5.31 -6.62 1
-1.99 1.47 -5.89 9.06 -10.04 4.0 1.76 4.37 -10.87 -7.49 ?
2.95 1.07 -8.92 -2.45 -5.26 -7.82 -8.5 -3.53 -3.24 1.1 ?
-2.45 4.08 -5.85 7.58 -11.46 1.32 0.53 -0.05 -12.98 -5.41 ?
-1.12 2.6 -7.2 7.93 -12.22 -1.39 -1.38 4.98 -5.68 -4.77 1
-3.79 4.7 -13.69 -2.74 -3.9 -5.96 -1.2 -2.31 -0.85 2.01 ?
-4.07 3.0 -9.27 8.62 -10.21 8.18 1.04 1.43 -9.08 -9.08 1
-2.46 1.44 -12.36 -3.36 -5.78 -5.09 -2.62 -1.0 -1.98 1.41 ?
0.36 4.41 -4.61 -3.43 -9.81 -7.44 -9.88 -0.63 -2.84 -0.23 ?
-5.37 0.69 -8.59 -1.13 -3.24 -10.3 -8.75 -3.74 -6.81 -0.64 ?
0.29 0.72 -6.77 8.19 -15.44 5.21 -3.45 1.18 -9.38 -8.06 1
-0.49 6.54 -10.9 -3.13 -6.63 -11.36 -6.13 -4.79 -5.07 -2.03 ?
-1.59 6.64 -7.13 -2.28 -8.08 -3.54 -2.01 1.14 -3.2 2.27 ?
-3.67 4.11 -7.65 6.51 -10.4 2.47 -4.4 0.07 -2.29 -9.71 ?
2.09 2.32 -7.18 -1.27 -11.84 -6.09 -4.77 -2.7 -1.37 0.92 ?
-6.24 4.06 -6.24 7.91 -12.31 4.52 1.3 -0.28 -9.47 -7.19 ?
-3.51 3.8 -7.11 -7.01 -4.57 -8.37 -8.27 -6.25 -0.75 -3.8 ?
-3.25 2.1 -4.99 5.25 -6.27 -1.48 -3.35 7.43 -11.3 -4.22 ?
-0.22 1.8 -6.61 11.45 -10.97 4.53 -4.71 3.55 -4.21 -6.53 ?
-2.75 9.17 -9.98 0.15 -9.48 -6.34 -6.25 0.97 -3.18 5.08 ?
-1.22 4.77 -8.81 -3.77 -3.38 -4.37 -3.49 -5.86 -1.19 -1.3 ?
-0.71 0.32 -5.96 8.81 -10.4 -0.89 -3.97 2.79 -8.19 -7.6 1
-1.1 9.33 -9.16 -7.16 -6.91 -7.79 -6.44 -3.67 0.3 5.49 ?
-3.84 1.26 -6.16 8.28 -10.56 5.8 -3.65 2.58 -5.49 -1.77 ?
3.82 4.39 -10.46 -0.93 -5.87 -4.77 -5.28 -2.15 -2.6 4.22 ?
-0.4 6.53 -10.36 13.21 -6.89 -1.14 3.26 1.53 -8.71 -4.73 1
-1.86 3.19 -6.69 7.87 -3.9 0.2 -2.95 -0.07 -3.94 -5.49 1
-3.72 10.14 -4.1 7.5 -10.53 3.77 -4.42 3.57 -8.91 -7.84 1
-2.16 5.81 -7.98 -1.72 -6.38 -6.03 -8.09 -0.08 -0.83 0.06 ?
-0.26 0.07 -6.61 6.09 -6.62 2.8 0.37 1.14 -10.72 -7.52 1
-2.37 7.3 -9.49 5.84 -12.44 3.28 1.65 6.15 -6.17 -9.21 ?
-4.47 -0.15 -16.09 -6.09 -6.54 -8.92 -6.81 -5.66 -4.3 -1.79 ?
-2.9 2.75 -5.04 7.19 -8.16 5.75 -5.16 4.71 -4.3 -4.28 1
-1.95 1.45 -12.84 -5.55 -11.08 -6.17 -7.47 -3.84 -2.07 -2.58 ?
2.17 3.58 -10.63 -5.78 -10.74 -7.26 -5.14 -1.64 -2.0 2.05 ?
-2.39 6.27 -8.78 11.91 -6.47 4.14 -0.99 6.9 -9.67 -3.07 ?
-2.06 4.78 -4.56 4.99 -10.77 2.53 -2.82 2.16 -3.61 -5.96 1
-1.85 3.02 -6.48 9.59 -7.22 -0.31 -2.56 1.81 -9.04 -4.13 ?
0.61 0.99 -6.08 8.18 -3.84 0.67 3.38 3.15 -9.15 -2.62 ?
-3.72 1.44 -7.08 7.0 -8.52 0.71 -7.95 0.63 -4.77 -5.94 ?
1.71 1.6 -7.6 -1.54 -5.49 -9.64 -4.79 -1.67 2.11 0.37 ?
-1.46 5.68 -5.25 3.77 -8.18 5.3 -1.38 -0.81 -4.89 1.88 ?
-3.44 6.23 -4.01 9.0 -8.12 3.77 -3.67 -3.44 -4.91 -8.69 1
-5.46 7.21 -7.35 8.54 -11.01 5.09 -4.1 0.34 -7.81 -6.2 1
-1.71 7.1 -6.81 6.79 -8.58 1.67 -1.81 -3.32 -7.04 -3.55 ?
-2.04 2.14 -8.36 4.95 -7.16 4.24 -4.14 3.41 -3.71 -6.03 ?
-1.83 2.95 -5.1 -0.12 -7.71 -6.45 -3.5 -3.5 2.37 2.99 ?
-3.0 -0.21 -10.09 10.94 -1.94 4.52 -0.32 3.09 -7.8 -5.83 1
-1.34 5.24 -9.03 -2.72 -4.38 -6.09 -5.11 -4.92 -1.38 -0.56 ?
-2.42 7.85 -7.37 7.15 -14.91 7.68 -3.37 0.78 -6.14 -9.01 ?
-2.15 2.15 -2.61 5.37 -8.3 5.19 -1.1 -1.0 -1.24 -5.49 ?
-2.73 2.06 -5.27 7.39 -8.55 0.7 3.55 -1.94 -7.52 -6.8 1
-2.28 4.86 -11.35 -3.74 -8.51 -6.82 -2.21 -2.62 -1.66 -2.02 ?
-2.13 -0.5 -8.02 10.54 -9.22 1.02 -4.02 4.2 -9.34 -4.61 ?
0.0 0.5 -7.81 2.63 -4.94 0.13 -1.8 -0.62 -7.69 -5.41 1
-0.5 10.85 -4.58 8.42 -9.89 1.87 0.64 0.12 -6.74 -2.31 ?
-1.15 9.32 -10.33 -7.24 -4.01 -10.55 -4.94 -4.15 -1.87 9.01 ?
-1.72 3.11 -4.85 8.02 -7.69 1.77 -2.37 4.02 -4.38 -8.63 1
-1.95 7.97 -10.81 6.56 -10.66 3.17 -2.04 1.03 -7.24 -4.04 ?
-4.97 3.43 -8.31 9.6 -9.95 0.97 -0.37 -3.22 -9.74 -7.58 1
2.38 5.87 -7.44 8.73 -10.07 8.33 3.87 0.57 -11.61 -3.87 ?
-1.82 3.25 -5.14 11.78 -8.01 4.2 -1.09 -2.24 -9.8 -2.93 ?
-5.11 2.26 -8.6 -5.34 -7.26 -12.95 -5.23 -0.19 -4.98 -0.05 ?
-1.75 2.41 -5.38 -5.41 -2.74 -9.24 -3.49 -0.52 -4.57 1.63 ?
0.4 1.09 -2.75 8.71 -10.8 3.37 -3.16 2.68 -6.64 -9.69 1
-3.62 -1.02 -4.14 8.67 -11.43 5.1 3.18 -1.7 -5.85 -5.77 ?
-5.94 2.36 -11.29 8.58 -11.89 8.74 -3.93 3.19 -6.58 -4.11 ?
-4.58 2.82 -3.73 5.82 -8.33 1.11 0.62 -1.1 -6.79 -7.13 ?
-7.0 0.33 -10.66 -1.0 -3.92 -10.93 -6.7 -6.71 0.36 -2.77 ?
-0.89 3.75 -6.45 -9.0 -8.34 -8.89 -9.95 -5.0 -7.28 1.23 ?
-6.65 10.04 -3.5 -5.52 -7.18 -7.96 -5.39 -1.67 -6.03 -1.7 ?
-0.49 1.73 -6.35 -3.47 -13.76 -3.34 -5.19 0.64 -2.49 -4.65 ?
0.98 4.06 -9.04 8.61 -9.05 2.2 -3.6 1.65 -6.93 -3.65 ?
-4.71 5.09 -9.74 -3.88 -7.39 -5.64 -3.96 -1.35 5.91 -0.66 ?
-5.69 0.06 -12.73 -5.88 -3.91 -8.2 -5.58 -0.51 -3.74 -0.61 ?
1.13 -0.41 -4.64 9.02 -8.96 7.34 -3.61 2.87 -3.92 -5.84 1
-3.45 3.0 -9.1 -4.01 -8.04 -9.81 -4.86 -0.5 -4.35 -1.95 ?
-3.22 4.88 -7.68 8.82 -6.76 -0.23 -0.85 3.73 -9.93 -4.81 ?
-5.73 4.94 -7.98 6.6 -11.27 0.61 -1.54 -1.86 -7.05 -5.35 ?
-2.67 4.61 -15.14 -5.95 -5.98 -5.5 -6.95 1.85 2.16 0.63 ?
-7.2 6.79 -12.2 -4.54 -6.98 -11.05 -8.15 -3.29 2.09 2.36 ?
2.81 6.58 -5.03 3.93 -8.89 4.09 -1.91 -5.05 -5.66 -1.98 1
-0.24 5.81 -7.68 -7.7 -9.06 -7.35 -6.8 -1.44 -0.93 1.27 ?
1.99 7.52 -10.61 -4.87 -4.73 -5.59 -7.58 -3.24 0.08 5.19 ?
-2.0 6.89 -10.53 -0.42 -9.15 -7.27 -4.23 -3.42 1.26 2.09 ?
-2.5 5.05 -10.37 1.12 -6.45 -8.65 -5.12 -5.74 -1.05 4.66 ?
-1.22 2.6 -2.83 5.6 -6.03 -1.65 -3.11 -0.85 -8.69 -6.08 1
-1.07 3.4 -3.72 11.93 -8.98 2.72 -4.47 4.55 -8.57 -0.95 ?
-6.13 3.93 -4.71 5.33 -10.49 0.38 0.33 2.63 -9.58 -5.38 1
-1.0 2.79 -3.42 9.17 -8.23 5.82 -6.98 -1.79 -2.8 -9.24 ?
-3.26 7.32 -7.77 6.84 -13.47 4.2 0.37 2.0 -7.0 -5.03 1
-1.03 5.54 -4.94 11.32 -11.06 3.89 -4.66 1.96 -5.94 -5.66 ?
-0.68 3.09 -5.39 8.43 -7.5 -1.73 -1.12 -1.4 -2.85 -2.1 ?
-0.48 3.57 -6.36 5.69 -10.53 2.86 -0.41 5.36 -7.37 -8.34 1
-5.12 4.0 -14.33 -2.49 -6.54 -2.93 -4.89 -6.62 -5.06 5.06 ?
2.27 0.19 -7.4 6.38 -11.91 -2.54 -3.9 -1.5 -6.48 -0.92 1
-0.45 -1.5 -2.0 4.1 -8.01 3.3 -1.68 5.66 -11.17 -6.15 1
-1.55 3.86 -6.8 -4.64 -5.43 -8.92 -9.33 -2.34 -0.86 3.88 ?
-2.59 0.22 -8.28 -0.04 -3.11 -7.11 -6.73 -4.98 -3.44 -3.18 ?
-1.25 4.12 -7.65 8.72 -12.29 1.34 -3.34 1.15 -8.02 -8.7 ?
1.42 6.05 0.17 7.73 -9.4 5.73 -0.18 3.02 -3.99 -7.35 1
-0.39 4.74 -9.81 -2.47 -6.51 -6.52 -7.02 -8.93 0.43 6.03 ?
-4.42 2.73 -6.71 5.33 -10.62 1.34 0.47 2.35 -9.64 -9.28 ?
-3.36 4.5 -8.57 9.16 -10.02 1.74 -0.83 1.09 -8.15 -4.4 1
-1.55 7.63 -4.6 8.77 -14.0 3.32 -3.13 -3.02 -2.51 -6.4 ?
-1.3 5.77 -9.82 -0.42 -11.9 -7.28 -7.0 -5.39 -4.01 -0.6 ?
-5.23 5.52 -6.19 8.01 -7.45 5.86 -2.3 0.34 -5.78 -7.54 ?
1.33 2.18 -8.69 8.84 -4.92 4.41 0.09 2.23 -7.98 -4.05 1
-6.47 2.14 -6.25 5.32 -11.43 4.44 2.45 -2.56 -5.77 -5.17 ?
-1.99 2.66 -8.72 -3.94 -6.29 -9.89 -2.59 -3.09 1.04 -0.28 ?
-1.7 4.57 -3.48 4.9 -9.18 7.21 -0.41 0.16 -6.29 -4.02 1
1.09 3.18 -8.44 -4.24 -7.24 -11.38 -8.39 -4.66 -2.12 1.59 ?
-1.0 3.81 -10.29 -4.58 -6.05 -8.48 -10.57 -3.53 3.3 0.89 ?
-4.32 3.92 -8.84 9.21 -11.43 2.94 -2.35 -0.96 -5.95 -7.94 ?
-3.3 3.11 -5.24 7.87 -10.84 6.77 -0.19 2.34 -7.6 -6.98 1
0.82 4.06 -12.06 -6.2 -5.76 -12.85 -4.65 -5.74 -2.93 1.99 ?
-2.48 5.99 -8.65 11.89 -5.57 5.99 -3.28 2.83 -8.93 -4.67 ?
0.77 4.9 -13.44 -2.45 -6.35 -12.61 -11.44 -2.76 -0.42 2.24 ?
-5.43 3.69 -5.37 -1.99 -6.97 -8.01 -6.39 -2.13 -2.71 -1.78 ?
-3.0 3.93 -7.13 11.3 -5.94 3.82 -5.44 2.97 -9.63 -3.41 1
-2.35 4.62 -2.74 6.45 -9.69 -0.26 -0.46 4.39 -7.28 -9.46 ?
-4.21 5.26 -4.85 7.61 -10.61 4.76 3.49 -2.47 -5.44 -5.75 1
-0.17 6.7 -11.69 -1.09 -7.64 -5.38 -5.22 -0.4 -4.46 0.52 ?
-2.19 4.63 -3.81 6.74 -12.2 0.79 -1.14 3.58 -9.36 -7.44 1
-3.1 2.85 -11.74 0.81 -8.46 -7.37 -9.06 0.57 -3.4 -5.47 ?
3.16 3.62 -8.39 5.94 -9.16 5.51 0.74 2.58 -7.82 -3.01 1
-0.77 4.66 -10.82 -4.1 -7.53 -12.89 -9.87 -2.05 -7.08 3.56 ?
-3.94 8.62 -7.66 -1.76 -8.76 -6.12 -6.28 -2.82 -0.94 7.61 ?
-2.64 4.32 -8.48 7.24 -13.1 7.3 -4.01 0.44 -12.32 -5.69 ?
0.34 2.65 -10.02 -3.15 -4.54 -11.15 -7.01 -7.41 -4.08 1.59 ?
-4.22 4.22 -8.62 -2.85 -7.11 -9.59 -5.92 -1.72 -2.15 1.05 ?
-3.06 4.56 -10.17 -1.18 -7.79 -7.32 -6.2 -5.14 -2.8 0.71 ?
-3.59 7.25 -14.43 -1.89 -10.46 -10.52 -9.63 -1.78 -4.56 -1.62 ?
-1.58 -1.32 -6.84 4.18 -9.27 2.42 -0.5 2.77 -6.94 -9.79 1
-1.1 4.87 -4.19 11.52 -10.62 3.72 -3.22 0.64 -4.32 -8.42 ?
-1.11 4.3 -10.41 -2.11 -9.44 -9.87 -4.62 -4.82 -1.99 1.58 ?
-4.02 4.02 -5.0 6.8 -3.36 -0.28 -2.86 0.13 -2.11 -7.95 ?
-1.46 1.6 -2.95 4.55 -8.81 1.16 0.86 -1.17 -5.71 -6.09 1
1.06 1.77 -10.41 -6.06 -6.96 -6.75 -8.92 -0.34 0.1 1.98 ?
1.62 1.36 -8.48 5.89 -11.46 2.69 -0.02 -0.02 -8.3 -3.14 ?
-3.85 2.48 -10.22 -5.51 -6.93 -5.96 -9.92 -2.48 -1.11 0.05 ?
-2.15 4.44 -9.6 -1.49 -5.72 -8.26 -6.06 -2.84 -2.38 3.95 ?
-1.32 1.0 -10.76 -2.41 -4.14 -10.87 -6.73 -2.53 -1.02 2.96 ?
0.26 3.16 -13.7 -3.69 -9.93 -8.85 -8.35 -2.54 -4.04 -0.26 ?
-2.71 6.11 -5.29 8.96 -7.21 5.23 -4.32 -1.82 -9.37 -6.22 ?
-2.0 5.7 -6.34 13.44 -9.56 2.38 1.0 4.02 -5.56 -6.93 1
-2.38 5.35 -8.44 -4.79 -5.46 -8.84 -4.63 -0.26 -1.67 1.34 ?
0.32 6.07 -3.9 2.33 -7.81 7.27 -5.47 4.43 -6.62 -4.93 1
-0.73 7.93 -8.77 -1.88 -6.27 -10.65 -5.23 -3.64 -3.59 -1.37 ?
-2.99 5.38 -6.38 5.77 -7.2 -2.89 0.14 2.79 -4.76 -6.23 ?
-3.53 -0.24 -1.2 8.09 -7.09 -0.11 -2.55 4.22 -7.05 -5.57 ?
-1.28 2.29 -4.02 9.15 -8.03 0.52 -2.76 1.8 -3.85 -8.31 ?
0.52 8.44 -7.92 5.41 -12.52 5.63 -2.63 0.21 -7.27 -7.16 1
-0.97 8.0 -10.72 -2.02 -6.32 -8.62 -11.26 -0.81 -3.27 0.82 ?
-4.57 6.27 -11.5 -7.12 -8.06 -6.64 -2.04 -6.42 -7.34 3.01 ?
-0.47 2.03 -5.84 5.52 -9.54 1.05 -4.3 -0.88 -5.13 -3.71 ?
-3.96 5.04 -8.46 -5.04 -8.34 -6.63 -4.17 -5.61 -3.52 1.78 ?
-1.81 1.58 -6.55 9.93 -13.53 3.57 -4.23 6.3 0.37 -6.7 1
-2.23 6.15 -8.76 -10.63 -5.66 -7.37 -6.22 -4.21 -0.02 -0.21 ?
-3.56 4.36 -11.92 -3.57 -9.55 -8.97 -2.01 -6.1 -0.18 0.11 ?
0.05 8.66 -7.01 -6.75 -6.92 -9.54 -10.1 -1.37 0.15 -0.1 ?
2.44 3.83 -10.96 -6.35 -10.35 -10.22 -4.79 -8.12 -2.56 -0.86 ?
-4.54 6.29 -11.29 -6.87 -2.23 -7.92 -8.54 -6.75 -3.87 3.54 ?
-1.91 8.88 -12.63 -1.77 -4.69 -5.11 -6.58 -4.08 2.11 2.09 ?
-7.0 -0.19 -5.75 3.56 -9.46 1.93 -1.26 5.36 -6.91 -1.58 ?
0.33 5.59 -10.17 -5.61 -11.4 -12.29 -4.64 -2.85 -1.16 0.43 ?
0.41 0.56 -6.18 6.49 -6.68 6.03 -0.87 2.2 -8.49 -7.66 ?
3.89 4.93 -4.14 6.71 -14.61 5.55 -4.78 1.73 -7.94 -5.46 ?
1.59 3.68 -6.98 8.29 -14.46 3.9 0.83 2.78 -8.67 -10.01 ?
0.49 5.45 -6.79 4.68 -12.97 1.75 -1.89 0.08 -5.65 -7.26 ?
-6.76 4.25 -1.71 8.63 -12.34 6.69 -1.66 0.95 -3.44 -3.21 ?
-3.01 3.2 -3.13 4.52 -8.98 2.46 -4.82 2.52 -7.28 -9.78 ?
-0.74 4.91 -8.87 5.93 -9.48 4.25 -3.07 -2.77 -6.31 -7.17 ?
0.41 5.89 -2.37 3.98 -11.76 -0.57 2.06 0.59 -4.86 -5.44 ?
0.64 4.21 -6.33 -2.31 -2.94 -10.08 -5.55 -4.12 -0.13 0.25 ?
-2.69 2.67 -6.71 5.97 -12.89 6.82 -1.34 -0.61 -5.66 -4.11 1
-4.22 5.68 -10.74 -9.29 -10.66 -6.23 -10.61 -3.03 -6.55 2.84 ?
-4.54 2.49 -13.5 -4.89 -7.37 -9.91 -5.53 -4.41 -2.28 -3.79 ?
-0.59 2.74 -9.62 -3.92 -12.86 -8.37 -5.36 -6.18 -5.29 0.55 ?
-1.9 3.8 -7.53 5.35 -8.57 2.94 -0.44 3.29 -8.69 -6.5 1
-3.57 6.99 -3.89 6.5 -8.57 2.94 -4.59 -0.76 -5.36 -5.1 ?
-2.51 -0.08 -5.18 7.75 -11.87 2.34 1.13 0.53 -11.18 -2.11 ?
-2.35 2.58 -7.47 -3.98 -5.92 -7.26 -8.39 -4.62 -0.01 5.47 ?
-5.44 4.71 -5.42 6.69 -11.19 6.68 -1.52 -2.08 -6.86 -6.52 1
1.18 2.56 -4.2 7.64 -6.31 4.71 -0.76 -2.62 -8.14 -5.19 1
-3.88 3.57 -8.98 8.61 -10.07 -0.32 -5.35 0.71 -6.65 -8.41 ?
-3.08 0.86 -9.38 4.5 -10.98 8.5 1.99 0.88 -6.28 -3.19 1
1.49 4.46 -11.99 -5.31 -5.8 -11.9 -5.77 -4.84 -0.34 -1.01 ?
0.11 1.35 -6.9 7.49 -9.55 5.27 0.86 2.38 -7.92 -7.87 ?
-2.15 3.46 -4.85 1.17 -4.73 -8.61 -7.87 -2.1 -1.99 -3.05 ?
-0.39 3.52 -8.34 -5.87 -6.55 -3.86 -2.74 -3.81 0.26 -0.15 ?
-2.69 7.61 -9.55 10.61 -8.61 0.82 -3.61 1.43 -7.19 -4.63 1
1.71 1.95 -5.31 6.88 -11.24 4.05 4.31 4.79 -5.98 -5.93 ?
0.5 2.77 -10.29 -6.2 -7.71 -6.88 -7.93 -4.04 -3.71 -1.25 ?
-1.3 5.8 -8.01 -1.97 -5.75 -9.3 -4.68 -6.24 0.35 2.87 ?
-1.73 5.45 -0.21 4.87 -8.43 1.06 0.29 0.75 -7.81 -4.63 ?
-0.27 1.2 -6.35 8.14 -9.92 6.16 -4.37 0.63 -6.29 -5.42 ?
3.75 1.65 -6.36 7.61 -11.09 2.12 -1.52 1.43 -11.87 -9.57 ?
-3.14 4.76 -10.54 -2.08 -5.44 -5.91 -5.56 1.37 3.08 -0.4 ?
2.86 0.82 -9.44 7.15 -11.1 4.22 -2.6 -0.41 -7.79 -10.02 1
-3.83 0.77 -9.95 -5.16 -2.31 -7.21 -7.95 -1.09 -0.36 -2.86 ?
-2.81 5.05 -8.47 -3.33 -10.57 -5.36 0.58 -3.79 -4.57 1.33 ?
-3.25 7.74 -10.47 6.79 -9.67 6.03 -0.37 2.46 -12.21 -3.52 1
-5.06 3.52 -6.22 5.39 -13.97 3.28 0.41 0.02 -8.78 -5.87 ?
-3.48 2.7 -2.84 7.0 -9.93 4.33 -1.76 -0.09 -6.79 -2.84 ?
-4.83 3.6 -6.87 8.94 -9.29 2.33 -3.08 1.02 -8.88 -7.87 ?
0.24 3.89 -5.09 8.89 -7.91 -0.15 -0.48 1.17 -6.89 -6.57 1
-3.15 5.92 -8.84 -6.53 -7.35 -6.73 -8.19 0.83 -4.2 -0.1 ?
-3.84 -2.4 -5.85 6.9 -5.21 2.15 0.17 1.66 -9.68 -4.52 ?
-2.0 13.37 -6.56 8.87 -7.0 2.15 -5.04 -1.51 -11.3 -7.06 ?
-0.66 3.78 -5.11 4.77 -10.05 3.77 1.78 0.62 -4.93 -3.23 1
-4.81 3.2 -12.76 -2.93 -8.57 -6.3 -5.13 -3.66 -1.87 2.98 ?
1.25 1.05 -5.31 4.16 -3.13 3.01 -0.46 3.35 -8.04 -4.57 1
-0.96 2.04 -6.04 13.09 -12.05 3.2 -4.58 -0.92 -12.97 -3.46 1
2.45 2.8 -8.12 8.52 -9.63 3.9 1.06 0.45 -4.92 -3.71 ?
-1.52 4.6 -6.1 3.05 -5.5 -0.35 -6.06 0.78 -4.33 -4.86 1
-3.27 -1.57 -7.75 5.12 -8.78 2.46 -0.67 0.07 -7.75 -4.27 ?
-3.68 3.59 -2.24 10.85 -11.2 6.44 -3.25 1.05 -8.76 -11.2 ?
-3.1 0.71 -12.26 -3.13 -5.43 -8.45 -3.84 -6.76 -2.22 2.53 ?
2.22 2.84 -9.26 5.96 -7.28 1.53 -2.34 1.88 -7.01 -4.94 ?
-0.56 7.07 -0.63 3.1 -10.68 2.67 -2.56 -1.06 -8.73 -6.56 ?
2.0 1.06 -4.67 8.29 -4.52 -1.19 -2.85 7.59 -8.66 -8.0 1
-5.97 7.49 -10.74 -6.91 -5.34 -8.61 -5.61 -0.14 -4.68 -0.99 ?
-1.86 2.06 -9.75 -2.24 -8.79 -7.97 -1.26 -1.94 -0.64 -1.71 ?
-7.22 6.17 -12.27 -3.72 -10.73 -13.78 -2.19 -0.68 1.69 2.25 ?
-0.62 4.5 -9.03 10.05 -4.54 1.48 -3.55 5.07 -8.34 -7.58 1
-2.88 0.6 -8.12 5.03 -10.28 0.0 -2.63 -2.44 -9.08 -4.58 ?
-3.34 3.12 -9.62 -4.41 -8.14 -9.77 -7.61 -0.83 -6.73 1.62 ?
-1.86 1.61 -10.25 -2.27 -5.68 -4.04 -8.2 -0.01 -2.95 0.96 ?
1.11 4.83 -8.46 -1.5 -2.76 -9.69 -7.96 -5.31 -3.51 -1.41 ?
0.28 6.52 -0.98 9.12 -11.82 6.18 1.27 3.69 -5.01 -7.34 1
-1.32 3.77 -6.46 -0.99 -6.05 -12.86 -6.79 -4.09 -1.93 -2.68 ?
-0.41 2.35 -4.15 3.0 -7.85 1.46 -2.03 6.88 -5.36 -5.94 1
-0.27 1.9 -9.51 5.16 -8.82 0.1 0.55 1.22 -3.65 -5.14 ?
-4.29 6.07 -2.83 6.95 -9.63 2.9 -5.73 -0.02 -7.53 -4.73 1
1.08 6.49 -4.57 5.95 -10.63 1.16 -1.17 3.68 -6.57 -6.4 ?
0.73 3.69 -14.51 -2.84 -3.0 -4.37 -3.98 1.07 -2.84 3.05 ?
-3.7 4.46 -13.68 -4.75 -11.63 -3.69 -7.4 -0.77 -3.19 0.7 ?
-1.21 6.99 -5.26 4.48 -6.37 4.73 1.29 6.13 -9.64 -4.72 ?
-4.08 3.67 -4.23 9.51 -4.99 1.46 -3.22 3.43 -5.68 -4.98 ?
-2.11 3.55 -9.77 -3.59 -4.29 -7.32 -6.6 1.68 -5.14 -2.44 ?
-5.81 3.75 -13.6 -3.23 -9.65 -9.21 -7.73 -2.52 -1.07 -4.25 ?
-1.22 2.51 -5.22 -3.62 -5.16 -11.19 -10.48 -1.44 -0.83 -1.05 ?
-3.51 3.1 -12.5 -8.83 -5.11 -8.52 -8.29 -6.22 -3.42 -2.23 ?
1.98 2.92 -9.37 -8.51 -8.66 -10.06 -8.22 -3.4 -2.39 -2.77 ?
5.17 10.23 -8.19 -2.38 -9.57 -2.45 -6.23 -3.38 0.82 1.4 ?
-4.2 7.68 -1.86 3.9 -6.77 3.53 -4.94 1.64 -4.95 -10.47 ?
-2.79 0.13 -4.92 8.38 -10.46 6.93 -0.24 -2.51 -11.74 -4.59 ?
-4.21 3.17 -7.21 5.56 -11.37 6.1 -1.6 -0.8 -7.51 -6.04 1
-2.52 0.87 -7.33 -0.89 -8.76 -6.52 -4.23 -1.5 -5.32 6.65 ?
-1.37 3.77 -4.23 8.09 -10.9 2.46 3.5 -2.8 -8.24 -6.37 ?
-1.86 3.69 -9.0 -2.07 -9.36 -6.75 -1.32 -6.62 -4.06 -1.34 ?
-1.42 5.18 -8.76 -3.99 -6.19 -10.5 -8.14 1.47 -2.09 -0.93 ?
-2.54 8.95 -9.55 -6.92 -6.81 -8.69 -7.09 -2.35 -7.5 1.34 ?
-3.68 1.59 -11.91 -5.66 -7.04 -4.72 -2.22 -2.52 -8.06 1.7 ?
-5.11 1.67 -7.81 7.16 -8.17 3.57 -3.16 3.88 -6.16 -12.78 ?
-1.44 1.34 -5.58 6.34 -9.94 1.84 1.56 -0.25 -6.05 -4.29 1
-0.82 1.26 -10.09 -7.83 -4.37 -7.17 -6.33 -4.95 0.99 5.5 ?
-0.9 -0.45 -10.73 -1.97 -6.51 -6.32 -6.81 -3.57 -1.62 1.76 ?
-0.83 3.25 -5.45 3.46 -4.81 4.95 -0.05 -1.16 -6.41 -4.39 ?
2.54 2.5 -9.96 -3.53 -8.56 -5.56 -3.24 -2.98 -6.53 -0.38 ?
-0.33 0.76 2.76 9.72 -7.32 0.84 -1.26 0.84 -10.49 -6.08 ?
-0.26 8.7 -10.06 -0.38 -7.84 -6.81 -5.62 -1.25 -1.98 5.0 ?
0.88 4.36 -10.08 -2.92 -7.14 -4.36 -9.02 -1.44 -3.47 2.84 ?
-2.17 7.16 -4.65 -5.27 -5.7 -3.52 -3.69 -4.74 -3.1 -0.66 ?
-3.58 10.64 -9.46 -1.44 -3.07 -3.34 -10.6 -4.63 -5.43 -0.4 ?
-1.49 3.88 -8.48 8.55 -8.12 6.99 -2.04 -3.19 -8.88 -4.33 1
0.57 9.12 -8.25 -4.85 -9.69 -7.61 -8.76 -6.54 -3.17 -3.49 ?
-2.26 1.22 -9.26 -1.28 -4.65 -15.39 -10.16 1.72 -2.51 0.42 ?
0.05 2.92 -9.98 -5.15 -9.45 -10.52 -4.45 -8.64 -2.84 -1.8 ?
-2.72 3.65 -11.46 -4.93 -7.95 -7.72 -5.95 -0.76 -2.29 -1.5 ?
0.02 1.89 -7.48 -0.61 -6.14 -6.69 -7.53 -5.15 0.95 1.35 ?
-2.09 1.52 -7.24 11.89 -8.56 3.71 0.11 -0.53 -7.49 -1.52 ?
-2.24 4.11 -4.29 6.78 -10.18 4.67 -3.06 0.63 -8.47 -7.96 1
-2.57 1.97 -8.95 -5.6 -13.54 -11.07 -6.1 -0.67 -5.8 -0.69 ?
-0.96 3.36 -9.58 -3.53 -7.69 -6.08 -8.49 -3.4 -0.85 0.14 ?
-2.2 0.65 -7.76 -1.67 -4.84 -9.25 -3.71 -3.59 0.18 5.13 ?
-4.46 3.39 -9.79 -5.73 -9.64 -7.46 -8.1 -5.39 -2.78 1.46 ?
-1.46 3.88 -4.06 5.64 -15.93 4.1 -3.29 -0.48 -7.7 -6.86 ?
-3.92 0.26 -7.46 5.22 -9.75 4.07 -4.56 0.14 -4.43 -8.94 ?
-1.16 5.69 -17.8 -4.27 -11.29 -6.96 -5.29 -5.79 -2.04 1.5 ?
-0.32 3.51 -3.57 3.09 -8.79 -3.1 -2.26 2.51 -9.43 -3.76 1
-0.11 7.48 -5.1 -4.9 -3.6 -14.44 -8.78 -1.84 -0.93 3.95 ?
-1.35 2.9 -6.04 7.81 -6.15 4.33 -3.2 0.83 -4.2 -8.33 1
-3.5 3.53 -11.1 0.14 -6.49 -10.55 -5.32 -3.55 -9.39 1.93 ?
2.79 4.67 -6.38 8.88 -5.88 3.61 -1.58 1.05 -7.83 -8.24 1
-3.21 2.23 -6.94 7.54 -10.62 1.85 -1.89 0.77 -11.04 -10.31 ?
4.11 5.17 -7.53 6.78 -7.65 3.07 -5.11 5.55 -6.14 -7.31 ?
-3.94 3.39 -7.58 -3.01 -5.99 -5.45 -6.03 -1.82 -2.82 -2.45 ?
3.34 5.32 -12.61 -1.23 -7.28 -9.33 -5.6 -2.81 -5.81 -1.26 ?
-4.23 5.88 -9.89 -6.57 -6.68 -8.59 -10.72 -2.59 -5.92 1.87 ?
2.56 5.41 -4.99 4.65 -11.27 5.2 5.2 0.39 -10.77 -7.88 ?
1.88 6.03 -5.17 7.17 -6.45 0.05 -2.17 2.02 -7.84 -7.91 ?
0.12 1.69 -11.9 -1.64 -7.53 -11.04 -5.1 -1.9 -2.35 2.84 ?
-0.89 3.01 -9.91 -5.03 -5.3 -9.11 -6.14 -3.08 2.46 5.23 ?
-6.46 4.92 -11.93 -5.51 -4.33 -7.44 -4.03 -7.32 -3.05 -0.31 ?
-3.82 5.17 -9.23 -4.0 -6.7 -7.04 -5.32 -5.48 -4.93 6.79 ?
-0.15 3.22 -8.9 8.09 -5.48 0.3 -1.76 2.11 -6.67 -5.06 1
0.19 5.1 -9.06 -3.75 -8.45 -4.37 -4.44 -2.74 1.51 2.79 ?
-5.55 4.12 -1.25 12.14 -8.97 1.56 -4.61 1.04 -7.97 -6.45 ?
-0.34 4.62 -5.43 7.79 -9.24 6.59 -0.74 6.39 -7.96 -2.42 1
3.27 4.53 -11.15 -3.11 -7.02 -9.18 -3.37 -0.41 -0.05 0.53 ?
-8.55 2.19 -12.88 -2.56 -2.16 -7.33 -1.91 -2.28 0.63 1.55 ?
-2.24 4.26 -4.59 8.25 -11.96 2.27 -2.91 0.43 -3.51 -3.13 ?
-1.84 4.38 -7.7 -2.36 -7.77 -13.18 -8.16 -2.06 -0.27 -1.71 ?
-2.09 -0.81 -7.41 7.28 -11.1 3.75 -0.9 0.79 -4.68 -3.28 1
-3.77 7.99 -8.26 3.04 -9.62 5.22 -0.36 2.9 -7.23 -8.63 1
-5.64 -3.95 -4.67 4.15 -10.63 4.96 -9.48 2.59 -7.35 -2.67 ?
-2.66 2.25 -12.57 -4.23 -10.08 -9.67 -7.31 -0.82 -3.2 -2.6 ?
0.1 4.95 -12.64 -4.27 -12.55 -4.76 -4.6 -1.58 -2.63 -2.22 ?
0.66 6.31 -4.07 8.25 -6.91 3.85 -0.45 0.26 -3.98 -7.83 ?
-1.5 5.48 -0.73 4.47 -6.51 4.5 4.35 4.54 -5.27 -6.15 1
-1.25 2.81 -8.59 6.54 -7.2 1.2 -2.72 2.81 -9.68 -10.24 ?
-1.29 5.68 -9.39 -1.57 -4.5 -9.43 -8.75 -3.54 2.49 2.41 ?
-3.04 0.8 -8.39 8.4 -10.56 1.99 -0.64 -0.19 -6.67 -2.56 1
0.81 4.93 -6.49 13.83 -9.95 3.15 -4.03 -0.99 -5.57 -9.04 ?
-3.46 4.22 -6.26 9.03 -9.44 2.34 -2.31 2.39 -5.14 -0.62 1
-1.32 4.65 -10.42 -5.18 -7.46 -11.54 -4.89 -3.77 0.65 3.3 ?
-2.77 3.83 -6.46 -3.69 -7.08 -6.48 -10.14 -1.35 0.13 2.95 ?
1.54 3.48 -11.87 -4.64 -8.01 -7.42 -7.19 -3.85 -3.76 -1.01 ?
-3.89 2.59 -3.31 4.51 -4.59 0.03 -0.98 3.84 -4.16 -6.07 ?
-4.34 3.83 -7.66 6.67 -7.18 5.63 -5.2 -1.39 -8.56 -5.45 ?
-0.84 5.11 -8.18 -4.13 -6.76 -8.32 -6.19 -3.07 -2.85 7.56 ?
-3.25 5.03 -9.96 -7.5 -7.64 -10.21 -11.19 -1.93 1.68 6.46 ?
-1.06 5.55 -4.64 8.76 -10.58 2.34 -1.7 4.23 -5.56 -3.76 1
-0.18 3.96 -10.28 -4.37 -9.31 -9.43 -9.7 1.15 -3.21 1.92 ?
0.83 1.63 -8.72 -0.53 -8.62 -9.57 -4.66 -0.94 -1.24 -3.02 ?
-2.52 -1.56 -11.14 -5.32 -10.41 -10.25 -5.68 -2.27 -1.28 -0.61 ?
0.17 4.0 -4.7 6.01 -5.08 -0.32 -2.18 1.28 -7.37 -7.86 ?
-3.77 9.57 -7.63 -4.54 -9.23 -6.76 -4.22 -2.76 -1.62 0.32 ?
1.68 2.54 -10.54 -5.71 -10.81 -9.76 -8.18 -0.38 -8.64 2.0 ?
-3.57 2.95 -8.65 5.68 -11.89 5.98 -3.7 5.32 -4.38 -7.51 1
-1.88 3.84 -11.81 0.49 -6.56 -4.42 -7.64 -5.64 -1.75 -0.58 ?
-5.93 6.9 -4.99 6.27 -7.74 0.99 -3.11 3.16 -13.69 -5.33 ?
-1.46 2.16 -4.91 6.27 -12.96 4.89 -4.58 2.26 -8.87 -4.3 ?
-5.91 1.89 -5.72 7.82 -5.7 1.7 -0.13 3.35 -8.6 -1.23 1
-3.02 2.77 -9.45 -1.74 -10.77 -7.0 -8.37 -4.36 -2.45 -2.49 ?
-2.68 8.39 -12.83 -2.18 -3.87 -8.18 -3.9 -0.59 1.7 -0.11 ?
-0.12 5.89 -4.32 7.18 -7.63 0.28 -7.72 -2.69 -10.9 -1.43 ?
-1.88 1.74 -6.27 -6.42 -7.24 -7.08 -6.57 -2.63 -7.52 -6.22 ?
-2.75 3.24 -3.66 12.09 -7.83 4.15 -0.22 4.81 -7.89 -5.48 ?
-3.22 1.86 -2.61 9.6 -9.67 0.61 -2.24 1.3 -6.18 -6.64 ?
-5.04 4.48 -8.86 -5.48 -4.27 -11.44 -4.1 -2.73 -2.43 3.2 ?
0.21 8.08 -5.42 9.5 -14.6 0.67 -0.96 -0.3 -10.03 -8.07 1
-2.24 3.26 -7.55 13.84 -10.26 -0.41 -1.48 -1.54 -7.27 -5.13 ?
-5.57 4.83 -1.04 6.99 -7.17 4.72 1.77 -1.51 -12.37 -3.1 ?
-5.17 9.4 -16.72 -4.26 -8.63 -9.82 -11.76 -6.61 -3.03 4.18 ?
1.84 5.17 -16.39 -4.98 -6.12 -8.7 -4.88 -5.42 -1.64 0.65 ?
-3.27 2.75 -8.81 4.04 -7.63 2.9 -6.09 1.78 -9.35 -3.67 1
-4.06 5.72 -10.23 -3.81 -5.5 -6.9 -7.13 3.86 5.46 1.83 ?
-0.1 3.0 -5.07 -5.37 -7.98 -9.04 -2.19 -2.73 0.54 0.51 ?
-0.58 2.38 -13.29 -3.58 -6.72 -9.54 -8.47 -3.07 -2.79 0.64 ?
3.35 -1.07 -5.69 1.86 -13.82 2.85 1.36 -0.32 -3.62 -6.22 ?
-4.15 5.72 -6.42 -3.88 -6.55 -10.13 -6.35 -4.79 -2.45 2.51 ?
-3.39 2.28 -8.5 6.57 -11.27 2.03 -2.93 -0.34 -6.95 -8.22 1
-2.18 6.41 -4.81 0.84 -5.23 -4.1 -9.41 0.44 -1.88 -3.51 ?
0.62 3.57 -6.66 7.6 -9.46 3.66 -3.49 -0.52 -7.33 -5.65 ?
-0.92 4.34 -8.09 10.35 -6.91 8.01 -2.76 1.13 -10.94 -5.75 1
-1.08 5.41 -10.31 9.73 -9.39 0.71 -1.0 1.38 -8.83 -4.69 ?
-2.55 6.6 -10.04 -3.31 -5.15 -4.96 -5.02 -2.95 -0.34 -2.93 ?
-1.83 4.15 -8.92 0.28 -4.97 -9.37 -4.41 -3.37 -2.54 5.26 ?
-2.39 4.27 -13.32 -4.52 -10.05 -10.41 -7.88 1.48 0.6 1.55 ?
-3.05 3.6 -4.72 7.39 -6.9 4.8 -3.64 -0.07 -8.35 -6.54 ?
1.37 6.57 -7.34 5.86 -17.36 3.63 1.19 -1.1 -5.9 -6.77 1
0.75 4.53 -6.73 10.99 -10.32 3.16 -6.95 1.45 -6.39 -8.01 1
3.46 4.34 -4.28 -4.13 -10.95 -3.69 -8.34 -4.14 1.89 4.28 ?
-1.7 5.9 -7.22 6.94 -12.53 2.39 -5.56 1.15 -6.21 -9.03 1
-0.72 2.31 -5.93 6.18 -5.53 5.56 4.9 -2.13 -2.95 -5.05 ?
-3.12 6.16 -12.13 -3.77 -6.89 -7.15 -10.78 -1.71 -1.82 3.62 ?
5.61 1.07 -7.76 5.85 -5.34 4.57 -1.56 -2.85 -5.06 -3.74 1
-0.86 5.29 -7.27 7.98 -9.89 1.29 -5.04 0.78 -6.66 -3.91 ?
-1.13 4.99 -6.53 5.89 -9.36 6.71 -1.49 -1.1 -5.39 -7.8 ?
-2.86 1.95 -9.97 -2.65 -6.88 -11.02 -9.94 -4.92 -3.93 2.66 ?
-0.78 1.9 -5.07 -2.55 -6.03 -9.61 -6.02 -6.75 -0.16 -0.12 ?
-1.34 7.22 -11.37 1.71 -6.67 -6.64 -3.87 -2.28 -3.55 0.38 ?
-2.43 3.95 -10.37 -1.32 -3.14 -7.13 -6.87 0.28 -1.01 -0.23 ?
-2.24 3.16 -6.17 -3.24 -11.43 -7.55 -9.65 -1.31 0.29 1.83 ?
-1.08 2.4 -9.47 2.87 -11.3 2.13 -1.13 -0.9 -5.06 -9.64 1
-1.44 8.14 -9.55 -1.69 -4.13 -7.82 -3.59 -3.6 -1.53 -2.87 ?
1.23 0.56 -6.36 12.29 -9.09 2.15 2.63 1.25 -4.5 -6.92 1
-3.39 2.4 -8.22 10.1 -6.37 4.91 3.33 -1.22 -5.08 -5.65 ?
-3.57 4.1 -12.3 -5.98 -5.56 -6.86 -6.61 -2.75 -1.32 2.62 ?
-0.09 7.53 -10.98 -7.15 -5.58 -4.39 -6.47 -1.45 -3.81 1.27 ?
-1.92 2.92 -8.65 -3.38 -6.39 -8.33 -3.49 -2.2 2.51 3.44 ?
-6.71 6.3 -12.47 -2.89 -6.22 -7.71 -6.15 -2.07 -4.85 1.09 ?
-1.34 7.29 -9.31 -3.32 -6.4 -9.91 -4.27 0.62 -0.24 2.9 ?
-0.76 3.14 -5.97 8.18 -11.71 4.25 -0.97 6.52 -9.61 -5.51 ?
-0.44 2.59 -7.02 7.67 -7.1 4.19 -1.42 1.28 -6.95 -5.22 ?
0.16 0.89 -9.78 -3.29 -6.25 -9.27 -6.07 -1.65 -6.33 2.96 ?
-3.72 1.91 -5.64 0.59 -6.35 -6.15 -5.76 0.71 -6.34 4.69 ?
1.65 4.03 -11.55 -7.43 -5.19 -10.76 -7.57 -1.54 -1.62 0.57 ?
5.61 6.39 -8.43 -4.08 -8.81 -10.24 -6.6 -5.0 -1.39 -1.21 ?
-5.92 2.48 -7.6 -3.16 -9.1 -8.19 -9.72 -5.82 -2.47 2.19 ?
-1.7 4.15 -8.6 -6.81 -8.63 -7.29 -4.6 -8.65 -3.51 0.17 ?
-3.8 4.02 -10.69 -6.04 -5.86 -9.3 -2.36 -1.02 -4.18 0.73 ?
0.68 0.0 -6.67 4.15 -9.86 6.92 0.15 1.99 -7.95 -4.91 ?
-2.04 6.55 -11.73 -2.93 -7.35 -10.37 -8.13 -1.29 -3.51 2.58 ?
-3.65 6.72 -13.42 -6.12 -10.37 -9.15 -8.09 -3.96 -2.05 2.11 ?
0.47 4.86 -8.08 -4.2 -5.28 -11.78 -8.87 -1.35 -2.16 0.23 ?
0.36 5.49 -11.58 -7.13 -6.19 -9.16 -3.91 -0.53 -0.38 1.54 ?
-3.93 5.59 -8.71 -1.7 -8.46 -5.28 -8.99 -1.53 -3.77 -1.07 ?
-1.66 6.04 -6.57 -2.87 -8.66 -11.46 -5.48 -7.43 -2.39 2.06 ?
-4.0 7.0 -10.01 -0.45 -2.77 -11.35 -7.4 -3.34 -4.58 -1.18 ?
-2.43 3.14 -4.62 5.55 -7.58 6.68 -1.27 -0.61 -8.78 -4.21 ?
-2.68 1.5 -5.63 7.68 -7.99 2.48 -0.29 0.57 -9.08 -1.26 1
-4.57 6.36 -9.02 -4.12 -9.83 -11.54 -7.59 -3.26 1.87 -2.58 ?
-7.32 7.04 -4.73 6.03 -11.04 8.56 -1.95 0.49 -12.69 -0.9 1
-3.85 2.91 -9.37 -5.36 -4.96 -7.86 -7.23 -0.96 -1.3 1.41 ?
2.27 1.23 -7.83 -5.31 -5.85 -8.43 -5.55 -5.01 -7.25 1.75 ?
-4.63 5.94 -10.43 1.86 -7.02 2.04 -1.62 2.93 -3.32 -12.97 1
1.51 4.87 -3.84 -5.07 -7.55 -7.8 -11.51 -1.64 -0.91 1.04 ?
-4.05 7.37 -7.32 -2.33 -7.01 -10.24 -5.58 -4.92 0.51 -2.53 ?
2.1 3.84 -8.66 -7.57 -11.73 -10.97 -7.13 -4.34 -2.62 -0.4 ?
-2.66 4.72 -14.88 -5.03 -11.39 -7.51 -5.42 -5.0 -0.14 1.73 ?
-0.89 0.97 -4.15 8.16 -7.23 0.98 -4.72 -2.21 -7.77 -7.44 1
-3.12 1.87 -11.94 -0.99 -7.12 -11.51 -4.18 -2.34 -2.76 2.23 ?
3.81 5.68 -4.72 4.85 -9.94 -1.49 -5.36 -1.35 -9.23 -7.23 1
-5.14 6.05 -1.88 6.01 -5.22 7.71 0.34 -1.21 -5.62 -6.73 ?
0.21 1.78 -11.8 5.91 -9.38 4.09 -1.41 0.78 -10.4 -2.37 1
-0.15 5.85 -9.56 10.41 -8.93 8.6 -2.5 3.31 -6.19 -9.12 ?
-3.07 5.46 -7.85 -6.61 -9.38 -11.16 -3.52 -4.32 -2.31 -0.02 ?
-4.63 6.51 -8.5 -5.0 -3.69 -7.84 -2.39 -1.88 1.68 1.04 ?
2.74 5.76 -4.87 -5.84 -11.28 -6.44 -4.23 -3.0 -5.76 -0.3 ?
-2.64 2.35 -5.23 9.63 -12.56 5.93 -0.2 -2.43 -7.32 -9.18 1
-5.45 2.42 -8.73 -9.32 -9.72 -8.2 -10.4 -2.95 -3.98 0.08 ?
-2.01 4.67 -11.92 9.04 -11.19 3.69 -0.85 -4.19 -7.35 -8.08 1
-2.84 0.52 -7.61 10.07 -6.34 3.05 1.77 1.52 -7.29 -8.5 1
-4.05 5.08 -5.54 7.99 -8.13 -0.16 -0.33 1.99 -9.85 -6.27 ?
-2.33 8.3 -9.97 -5.62 -5.57 -9.59 -3.58 -2.36 1.27 -0.81 ?
-1.58 3.6 -11.48 -4.34 -9.3 -8.59 -5.07 -5.32 -4.17 0.4 ?
-5.8 0.64 -4.1 6.53 -6.38 0.22 1.67 1.88 -5.54 -5.24 ?
-4.37 3.36 -9.37 7.96 -9.47 -1.87 0.54 2.96 -8.6 -5.24 ?
-6.56 5.48 -7.11 -8.62 -10.82 -5.87 -3.55 -6.14 -4.43 2.36 ?
-4.59 10.28 -11.31 -4.43 -8.75 -8.64 -5.69 -2.6 -0.48 5.08 ?
-0.04 8.17 -8.97 -3.33 -5.19 -4.15 -6.87 -5.44 2.36 4.17 ?
-2.98 3.64 -12.01 -6.86 -10.82 -8.65 -4.28 -1.61 -0.44 2.97 ?
-0.63 3.55 -8.55 -3.2 -6.27 -13.03 -3.68 1.05 -3.03 -2.77 ?
-4.57 2.73 -0.86 7.0 -12.59 5.85 -0.07 1.24 -11.11 -2.06 1
-4.31 5.33 -5.95 10.85 -11.52 3.45 0.96 0.72 -9.58 -4.65 ?
-1.46 5.59 -11.02 -2.04 -7.23 -9.77 -6.05 -6.58 -6.47 1.59 ?
-1.54 2.88 -9.54 1.09 -6.78 -6.67 -5.55 -3.93 -4.81 -0.06 ?
-3.38 1.68 -10.96 9.24 -7.38 6.26 -4.36 2.13 -8.69 -5.24 ?
-3.91 3.34 -4.34 8.14 -9.65 5.9 1.18 3.14 -9.94 -6.65 ?
-1.01 -1.32 -3.89 8.8 -7.03 1.82 -5.39 0.39 -1.43 -6.33 ?
-0.26 8.26 -8.64 -5.82 -4.46 -2.77 -8.49 -0.38 -4.77 -0.96 ?
-8.11 2.73 -7.92 7.86 -11.26 3.21 -2.5 1.15 -6.39 -8.45 ?
-2.31 6.85 -11.04 -6.39 -6.62 -6.8 -12.08 -4.81 -0.68 1.93 ?
1.21 3.99 -6.44 7.21 -7.2 4.79 1.41 2.65 -5.19 -5.37 1
-0.27 5.08 -7.37 -5.74 -4.89 -4.63 -6.62 -2.45 -1.52 2.06 ?
-1.74 4.2 -11.56 -3.77 -5.15 -5.5 -5.45 -2.8 -1.21 2.04 ?
0.25 0.95 -4.2 7.45 -12.31 0.6 -1.31 0.29 -5.99 -5.38 ?
5.85 3.69 -3.23 10.4 -12.25 1.94 1.6 2.45 -8.75 -0.55 1
-1.5 5.57 -6.91 -7.62 -14.42 -7.88 -5.51 -2.67 -4.17 0.67 ?
-0.87 4.6 -8.05 2.41 -9.66 5.59 1.92 -0.24 -6.13 -4.0 ?
2.95 5.55 -10.19 -7.6 -8.67 -8.14 -6.81 -0.91 -2.45 2.45 ?
-0.97 6.52 -11.75 -7.77 -5.64 -7.5 -5.56 -3.41 -7.47 7.72 ?
-5.13 2.25 -4.3 8.78 -7.28 1.12 -0.31 -1.83 -5.45 -4.3 ?
-2.74 7.01 -11.94 -2.48 -3.69 -8.36 -8.98 -3.91 0.95 2.55 ?
0.0 3.26 -10.79 -0.72 -9.58 -7.39 -10.82 -2.87 -1.08 2.84 ?
5.87 2.66 -8.73 7.7 -12.7 0.12 -2.17 2.67 -6.35 -6.74 1
-4.15 6.17 -14.55 -6.63 -8.29 -8.55 -2.86 -0.92 1.72 3.67 ?
2.25 3.29 -13.13 -5.39 -9.05 -9.25 -4.3 -7.7 -6.97 5.44 ?
-3.75 3.24 -9.27 -1.55 -3.69 -9.61 -4.13 0.1 -1.38 0.25 ?
-3.14 0.54 -8.71 -3.22 -4.7 -6.22 -6.99 -1.02 2.45 6.3 ?
3.03 6.57 -2.99 9.63 -11.24 -1.28 -5.61 1.57 -6.19 -5.97 ?
-4.86 0.18 -13.96 -6.09 -9.75 -3.46 -7.06 -6.31 0.61 -0.63 ?
-0.9 8.27 -7.46 -6.64 -8.93 -5.77 -9.45 -1.65 -3.69 2.0 ?
-4.34 1.28 -7.69 -8.66 -6.79 -8.93 -7.17 -6.29 -6.95 -0.81 ?
-4.78 1.68 -2.2 7.17 -10.83 3.72 -1.31 3.77 -7.01 -10.17 ?
2.73 0.99 -8.28 -2.9 -9.71 -6.33 -8.92 -5.7 -5.4 2.78 ?
-0.03 7.83 -9.91 0.92 -8.59 -9.41 -5.34 -3.94 0.76 -0.76 ?
-2.67 3.26 -14.68 -7.32 -5.98 -9.82 -5.04 -5.76 -3.91 2.4 ?
-2.43 4.88 -8.41 6.82 -11.81 4.66 -3.6 -1.44 -5.65 -4.22 1
-3.17 4.87 -13.17 -4.83 -9.61 -5.9 -3.22 -3.69 -0.89 1.71 ?
2.38 3.43 -13.55 -5.9 -8.76 -5.98 -5.58 -3.44 -2.24 1.19 ?
-3.27 4.38 -12.68 -3.39 -3.08 -6.37 -6.74 -5.22 -3.86 4.84 ?
-5.7 0.87 -11.51 7.56 -9.58 -1.99 -5.37 3.92 -5.98 -5.09 1
-1.11 3.55 -8.5 6.3 -11.23 0.24 -0.6 -0.48 -10.94 -9.16 1
-3.73 6.03 -8.51 -5.02 -2.72 -11.29 -7.1 -3.64 -8.77 5.43 ?
-1.21 5.94 -9.09 -5.25 -3.15 -7.74 -4.04 -2.11 0.03 3.02 ?
-3.69 5.28 -2.65 11.83 -5.06 2.56 -1.24 0.07 -7.92 -6.66 1
-2.59 4.63 -10.94 5.26 -8.28 1.76 -5.04 2.12 -7.62 -3.25 ?
-2.27 6.88 -4.91 7.73 -12.34 -2.93 -4.19 -1.2 -6.57 -6.5 ?
-1.9 0.09 -12.32 -3.19 -8.12 -8.2 -8.16 -2.5 -3.16 -2.95 ?
-1.8 2.99 -3.63 4.56 -9.12 0.72 -1.68 0.47 -8.21 -5.77 1
-4.44 1.34 -2.99 8.28 -10.62 3.89 -4.46 1.9 -9.29 -6.67 ?
0.4 1.15 -12.49 -6.17 -11.26 -4.97 -6.36 1.47 -5.48 3.88 ?
-0.37 1.52 -6.61 -1.54 -6.82 -7.79 -3.07 0.89 -0.59 -2.01 ?
-6.91 3.2 -8.63 11.31 -4.63 0.64 -4.81 -3.33 -12.4 -3.72 ?
0.22 1.91 -7.76 -2.27 -4.59 -8.99 -3.68 -0.69 -0.99 3.47 ?
-3.97 7.88 -12.85 -1.87 -6.94 -10.11 -6.66 -7.53 -1.4 2.52 ?
-3.59 5.04 -10.4 0.38 -9.12 -13.33 -9.41 -4.68 -4.42 -0.4 ?
-0.69 0.38 -5.86 7.87 -12.39 5.37 -3.77 -1.44 -4.46 -6.59 ?
-1.95 1.84 -5.01 9.31 -9.08 7.38 -2.2 -0.25 -7.24 -5.75 1
-3.57 6.66 -5.54 9.37 -9.78 -0.74 -5.92 -0.24 -4.48 -4.58 1
-1.44 -0.37 -5.43 11.13 -6.66 3.64 -2.92 0.31 -9.72 -5.63 ?
-2.85 5.16 -9.45 -0.44 -7.0 -8.49 -6.32 -2.86 -2.21 1.18 ?
1.26 3.78 -3.95 9.78 -6.87 4.25 1.33 1.22 -3.48 -5.63 ?
-2.56 1.24 -9.85 -0.13 -9.26 -8.41 -8.08 -3.95 -1.5 4.32 ?
-1.39 2.27 -7.88 -5.84 -5.78 -3.83 -5.98 -7.13 -0.61 1.69 ?
-1.93 6.34 -11.79 -3.84 -8.74 -13.74 -5.47 1.0 -2.96 0.98 ?
-2.22 6.94 -8.57 -3.44 -10.08 -5.64 -9.94 -0.13 0.3 -3.03 ?
-2.91 3.52 -9.36 -4.58 -6.0 -7.92 -3.73 -7.2 1.91 4.18 ?
-0.93 0.58 -8.45 -3.09 -4.93 -7.88 -8.71 -1.95 -4.9 3.15 ?
-5.6 -0.22 -5.17 10.51 -9.81 0.98 -0.64 -0.98 -8.92 -2.07 ?
-2.06 0.5 -10.1 9.52 -8.31 3.97 1.77 1.28 -7.5 -5.95 1
-2.73 6.56 -6.73 3.85 -7.18 0.15 -1.06 2.61 -7.96 -1.95 ?
0.97 -1.24 -7.32 9.43 -9.6 7.66 -4.27 -1.27 -7.35 -6.14 1
0.44 4.08 -3.88 3.32 -9.35 0.66 -2.1 1.14 -8.96 -7.1 1
-3.61 3.68 -11.33 -3.52 -4.59 -7.09 -6.67 -4.31 1.6 3.91 ?
0.46 5.52 -8.64 -5.6 -5.92 -3.95 -7.93 -2.48 -2.7 -1.86 ?
0.08 3.58 -3.13 7.36 -7.32 0.73 -1.26 1.54 -8.78 -10.46 ?
-0.58 2.09 -6.51 7.37 -8.32 1.63 -1.55 3.09 -3.28 -6.99 1
-2.51 4.04 -6.09 8.25 -8.52 5.19 -1.32 -0.94 -11.52 -4.53 ?
-4.78 5.61 -11.14 -4.69 -7.13 -12.84 -5.83 -3.1 -2.17 1.6 ?
0.87 5.91 -8.18 -2.98 -9.41 -6.89 -4.0 -5.23 -1.5 3.38 ?
-2.82 3.52 -11.59 -5.46 -2.55 -6.27 -7.92 -2.99 -1.33 0.56 ?
-3.1 4.31 -3.37 5.31 -7.06 -0.22 -4.67 -0.71 -6.59 -2.73 1
4.08 5.0 -7.23 -4.49 -7.85 -8.23 -5.42 -1.05 -2.36 -0.86 ?
-0.77 4.02 -13.12 -4.41 -3.08 -6.07 -11.11 -5.48 -4.55 2.89 ?
-0.27 2.26 -10.39 -3.29 -9.84 -5.48 -0.46 -4.71 0.14 0.03 ?
-3.01 5.18 -4.79 -2.16 -6.41 -8.56 -9.45 -1.64 -2.9 1.35 ?
-1.1 6.34 -6.53 8.45 -9.88 1.68 0.07 3.15 -14.36 -11.8 1
-5.59 13.91 -8.44 -3.7 -10.42 -7.96 -7.38 -1.54 -1.17 5.22 ?
-2.59 7.29 -9.36 9.13 -9.31 5.74 -3.22 -3.73 -4.3 -2.5 1
-1.67 7.61 -6.64 -7.55 -6.73 -11.04 -9.48 -1.68 -4.08 -6.79 ?
-8.15 3.58 -4.58 11.43 -10.91 1.89 -1.14 1.79 -11.75 -6.78 1
-4.05 5.68 -8.63 -10.4 -5.89 -6.61 -5.72 -4.91 0.92 2.82 ?
-4.6 6.12 -12.57 -7.57 -3.26 -5.43 -5.02 -4.23 1.54 -2.5 ?
1.55 3.49 -7.11 5.32 -9.74 3.2 -5.2 1.47 -6.72 -3.91 1
-0.31 2.56 -6.97 -3.33 -3.27 -8.14 0.41 -2.11 -1.62 -2.42 ?
-2.35 3.47 -8.36 -4.8 -11.36 -7.28 -7.29 -4.84 -5.82 3.21 ?
1.82 4.15 -11.66 -6.71 -5.7 -7.14 -4.5 -3.35 -3.47 1.02 ?
-2.18 3.39 -6.65 5.81 -8.0 3.21 0.58 -3.28 -7.66 -7.46 ?
-0.37 5.31 -11.79 -3.87 -4.14 -8.6 -5.2 0.87 2.52 4.51 ?
-0.47 3.99 -7.63 -3.44 -1.81 -12.7 -7.83 -0.93 4.0 0.18 ?
-2.6 7.72 -3.45 -4.23 -6.3 -5.15 -9.01 -3.85 -0.46 1.62 ?
-5.0 0.32 -6.96 11.96 -10.41 4.27 -5.89 4.18 -9.17 -8.07 1
-3.95 4.73 -6.65 -1.2 -4.45 -8.49 -3.43 0.64 2.85 2.42 ?
3.8 4.14 -4.59 -5.42 -7.86 -5.17 -5.89 -1.38 -1.18 4.78 ?
-2.56 6.2 -7.73 -4.97 -5.13 -8.02 -7.6 -4.54 0.9 0.53 ?
0.26 2.71 -4.66 9.83 -12.38 1.81 -0.52 2.76 -8.06 -3.93 1
-1.32 2.77 -4.42 10.92 -8.99 4.02 1.66 1.51 -4.25 -3.87 ?
2.69 3.29 -6.93 8.0 -9.39 2.3 -1.55 5.35 -9.34 -7.45 1
-3.16 -0.03 -2.39 6.08 -8.44 5.48 -0.15 2.52 -10.3 -1.11 ?
-3.55 3.45 -9.25 -0.65 -8.6 -8.45 -6.72 -7.3 -2.42 2.58 ?
-0.71 1.66 -5.68 5.94 -10.89 -0.11 -0.49 -0.35 -7.13 -7.67 ?
1.28 2.93 -7.55 8.34 -9.73 3.12 -2.4 0.13 -2.85 -7.99 1
-2.55 5.91 -8.81 -2.29 -6.48 -5.63 -6.51 -6.87 -1.29 1.71 ?
1.07 4.31 -4.03 6.11 -6.46 2.83 -1.93 3.07 -7.85 -10.09 1
-0.67 2.6 -6.73 -3.03 -6.13 -8.08 -4.8 -3.29 -2.41 2.68 ?
-3.72 3.69 -7.54 7.82 -10.76 3.34 -5.67 -0.03 -8.38 -2.91 ?
-3.12 -1.07 -7.8 6.37 -8.94 5.97 0.32 -2.94 -11.12 -5.3 ?
0.32 9.74 -4.58 11.82 -6.13 3.51 4.69 3.49 -7.02 -5.0 ?
-2.84 6.31 -12.62 1.05 -3.9 -9.27 -11.4 -8.26 -3.87 -0.97 ?
-1.58 0.72 -8.5 9.79 -9.97 1.5 -1.29 -1.32 -6.41 -6.84 1
-3.49 5.7 -10.17 11.0 -11.66 5.15 -2.81 4.56 -7.73 -6.11 1
-3.38 5.35 -7.27 7.15 -8.48 4.22 -6.19 0.89 -4.57 -3.77 ?
0.32 3.71 -9.28 6.67 -11.05 -1.38 2.38 -0.88 -3.01 -6.18 ?
-0.05 5.22 -4.23 10.21 -10.85 3.14 -2.98 3.67 -9.14 -6.16 ?
-3.66 4.25 -5.24 8.72 -6.44 3.0 0.97 3.79 -9.11 -5.67 ?
-5.36 5.42 -7.86 -5.71 -11.87 -8.46 -6.75 -3.28 1.06 1.11 ?
0.66 6.39 -1.31 12.94 -8.16 4.74 -2.51 2.13 -5.71 -7.66 1
-3.14 3.44 -9.13 -3.88 -10.38 -7.96 -6.06 -4.19 0.41 3.71 ?
-0.16 2.94 -7.45 11.75 -10.64 -4.32 -1.78 0.91 -7.55 -8.02 1
-3.44 4.95 -2.63 9.18 -10.9 5.73 2.68 -3.11 -8.88 -7.04 1
0.06 4.46 -9.76 -5.43 -12.23 -8.49 -3.55 -1.37 -3.44 0.9 ?
-0.88 3.8 -9.08 5.84 -11.98 3.06 1.03 1.26 -9.56 -7.05 ?
0.69 7.62 -3.25 9.32 -8.62 2.09 -2.52 1.78 -7.7 -6.05 ?
2.26 3.44 -10.48 -3.94 -6.4 -12.39 -2.94 -2.55 -0.7 1.25 ?
-2.7 7.17 -8.02 7.56 -9.69 5.58 -3.32 1.56 -10.82 -5.65 1
-2.35 7.59 -8.95 5.08 -10.39 -0.07 0.37 5.02 -8.57 -7.9 ?
-1.95 2.4 -7.84 9.8 -5.75 6.73 -2.05 -2.81 -8.52 -4.82 1
-3.6 6.53 -5.3 7.15 -7.07 -2.4 -4.79 -0.34 -7.48 -5.71 ?
-6.25 5.42 -4.22 6.92 -12.02 -3.42 -1.79 1.93 -8.83 -6.55 ?
-3.01 3.92 -4.84 -3.07 -4.21 -7.1 -4.83 -6.33 -3.38 0.15 ?
-4.07 4.02 -7.69 9.31 -6.44 2.93 -1.18 -0.18 -10.59 -5.42 ?
-2.1 6.48 -6.84 6.74 -9.58 0.83 -1.57 3.68 -7.1 -9.19 1
0.65 3.43 -1.11 11.32 -10.02 3.81 1.38 0.46 -5.89 -4.94 ?
-3.2 5.02 -4.06 9.22 -12.12 6.61 -0.1 1.17 -6.88 -8.87 ?
0.35 3.97 -7.03 6.84 -7.37 3.48 -3.0 -0.6 -4.44 -5.71 1
0.98 2.24 -11.97 -2.22 -8.57 -9.58 -7.1 -5.49 0.44 2.24 ?
-3.43 3.55 -8.68 -6.63 -6.69 -11.99 -7.23 -4.77 1.75 -1.06 ?
-4.99 4.21 -9.97 -1.05 -11.46 -7.59 -6.56 -3.08 -4.19 -2.35 ?
-3.27 1.82 -5.31 4.62 -10.74 1.64 -1.56 6.07 -7.96 -4.9 1
1.52 6.99 -6.15 5.71 -8.73 4.23 0.27 -1.54 -3.12 -10.81 ?
-2.77 3.35 -10.39 -2.56 -8.54 -7.86 -9.2 -2.95 -0.6 -0.07 ?
-2.81 5.92 -2.78 8.65 -10.02 4.43 0.3 3.09 -10.01 -6.03 1
-1.44 0.03 -6.57 8.03 -10.34 7.06 -5.29 1.24 -5.4 -5.85 ?
-0.98 2.1 -6.19 5.04 -7.41 3.68 -1.86 4.13 -6.83 -5.6 1
0.68 4.24 -7.06 5.9 -11.35 4.04 -8.5 3.15 -7.85 -7.69 ?
-2.56 -0.43 -9.59 -0.39 -2.49 -8.67 -4.87 -7.5 -4.94 1.74 ?
-3.73 4.52 -5.99 4.49 -9.36 -1.04 -2.09 -0.97 -5.84 -9.85 ?
-6.33 2.21 -7.06 -6.48 -5.11 -9.62 -5.33 -7.47 0.74 0.68 ?
0.63 0.85 -4.55 7.59 -12.22 0.39 0.58 -1.92 -10.8 -7.16 1
-3.04 7.09 -11.97 -4.04 -6.77 -6.09 -10.43 -2.64 -2.11 -3.12 ?
-2.28 2.38 -9.03 4.98 -8.78 3.52 0.36 0.01 -10.12 -5.27 1
0.0 2.59 -11.94 -2.62 -6.63 -5.5 -2.81 -4.38 -1.76 5.0 ?
1.69 4.07 -2.65 8.64 -9.57 2.97 -5.75 0.98 -12.92 -5.31 1
3.34 2.76 -6.63 8.42 -10.96 2.96 2.73 3.98 -3.92 -5.94 1
-1.32 5.64 -9.1 -4.31 -7.51 -5.51 -4.4 -4.6 -4.74 0.61 ?
-2.81 4.47 -13.23 -0.83 -7.94 -11.72 -7.7 -8.62 -2.14 1.05 ?
-0.95 2.74 -5.31 5.02 -2.51 9.36 -2.86 0.79 -6.25 -6.38 1
1.27 1.02 -5.68 6.27 -10.39 1.95 -2.6 1.64 -9.71 -7.18 ?
0.24 2.91 -8.75 -6.7 -5.14 -8.04 -6.72 -3.33 0.02 2.58 ?
0.15 6.09 -10.48 -3.23 -8.01 -10.97 -3.91 -4.43 1.25 2.22 ?
-0.59 4.83 -12.1 -2.68 -8.6 -4.43 -3.72 -4.74 -1.69 -2.65 ?
3.35 3.23 -11.11 -7.15 -5.59 -8.16 -5.12 -4.1 -5.09 -1.53 ?
-4.25 3.43 -4.0 7.19 -8.86 3.95 -0.81 4.12 -5.33 -7.49 1
-6.77 8.35 -4.22 6.66 -12.25 5.56 -2.74 1.28 -6.3 -3.26 ?
-1.48 1.88 -10.0 -2.98 -4.27 -9.27 -6.08 -5.48 -3.17 3.58 ?
0.73 5.14 -3.23 8.24 -12.57 3.13 -1.3 1.28 -4.5 -7.37 1
-2.95 2.89 -7.65 -1.91 -4.77 -7.53 -8.17 -6.01 -6.85 0.64 ?
0.17 2.49 -11.24 -3.45 -12.29 -8.92 -1.44 -1.68 -4.46 3.29 ?
-1.37 6.37 -12.0 -6.85 -7.05 -7.88 -5.37 -0.14 -7.3 1.02 ?
1.13 4.34 -5.81 -5.81 -6.72 -14.19 -7.7 -3.83 -0.84 4.88 ?
0.52 1.82 -5.92 10.15 -4.97 6.19 -0.68 -4.54 -10.65 -7.55 1
0.24 4.31 -7.39 -5.21 -4.54 -5.22 -6.35 -2.0 -1.84 2.21 ?
1.82 2.92 -14.89 -8.62 -13.08 -13.23 -7.26 -0.02 -3.13 1.55 ?
-2.48 3.03 -13.72 -0.54 -7.25 -8.94 -4.47 -3.29 -0.22 -2.78 ?
-2.3 6.49 -6.24 8.27 -5.98 0.42 -6.01 3.66 -2.16 -6.52 1
-4.07 3.87 -9.3 4.96 -11.12 3.0 -2.89 1.93 -7.8 -3.66 ?
0.86 2.12 -6.02 8.07 -10.96 4.88 -0.53 3.08 -6.06 -3.89 ?
4.39 3.61 -7.24 4.87 -13.36 2.67 -4.6 -0.82 -9.8 -2.2 1
-4.77 4.58 -10.48 -5.52 -6.3 -10.29 -6.01 -3.14 -4.08 -4.74 ?
-1.41 4.18 -4.25 11.94 -9.5 7.86 -0.59 -3.11 -4.55 -7.42 ?
-3.69 6.29 -6.08 -3.33 -8.56 -9.4 -8.94 -1.33 -4.62 0.17 ?
-6.48 6.12 -10.0 0.59 -1.07 -11.83 -6.2 -4.15 -2.36 -1.85 ?
-0.12 3.73 -5.74 6.84 -7.19 3.37 0.27 1.96 -2.61 -5.16 1
-4.18 2.27 -8.96 5.24 -10.92 6.96 -0.97 -2.66 -9.74 -6.52 1
1.76 3.86 -7.68 12.94 -11.96 3.14 1.53 3.07 -2.25 -1.87 1
-1.04 -0.18 -3.43 7.87 -6.65 4.16 -0.31 3.86 -6.38 -3.75 1
-0.29 0.87 -6.64 9.38 -10.28 1.37 1.69 2.98 -8.9 -5.61 ?
-1.01 7.53 -8.88 7.3 -7.79 2.47 -1.67 0.26 -8.44 -5.96 ?
-2.89 2.08 -2.99 5.82 -8.73 2.65 1.73 -0.38 -10.2 -4.67 ?
-0.74 3.03 -3.83 5.19 -9.2 4.04 1.41 5.27 -12.57 -6.61 1
-1.3 0.43 -5.34 11.59 -7.78 5.35 0.12 2.93 -7.48 -3.62 ?
-3.55 3.63 -3.19 8.61 -9.32 7.05 -5.32 2.98 -6.79 -4.56 1
-2.98 3.42 -6.23 5.31 -11.05 1.77 -0.6 0.22 -1.59 -10.45 1
-0.47 1.5 -7.63 -3.6 -9.4 -4.76 -4.97 -6.31 -2.67 0.43 ?
-3.38 2.71 -12.09 -6.58 -10.75 -10.2 -6.53 -2.99 0.75 -1.2 ?
-2.34 3.77 -7.43 -3.86 -7.44 -11.36 -6.53 -9.79 -3.16 -1.58 ?
-5.3 8.7 -6.06 11.36 -9.85 1.46 0.69 0.81 -6.97 -5.94 ?
0.38 8.33 -9.33 -0.02 -6.08 -7.69 -6.69 -2.64 -2.68 0.44 ?
1.46 -0.14 -12.3 -6.07 -5.92 -7.54 -6.62 -3.5 -1.11 -1.13 ?
-0.67 0.17 -6.71 4.47 -10.45 3.14 -0.78 -0.11 -4.07 -6.93 ?
-0.93 3.68 -3.15 7.37 -6.41 1.33 -3.72 0.76 -9.93 -8.74 ?
-2.91 5.32 -1.78 11.77 -7.5 7.21 -1.12 0.89 -8.73 -9.42 1
-2.09 5.61 -11.42 -2.73 -9.26 -9.13 -3.91 -0.52 -4.7 2.79 ?
-1.13 3.72 -11.07 -3.44 -8.02 -6.46 -6.12 -3.63 -0.89 -1.31 ?
-3.15 3.65 -7.71 -5.78 -4.29 -6.86 -10.05 -2.85 -5.57 3.06 ?
-4.98 2.33 -10.32 -2.07 -6.47 -10.93 -8.48 0.98 -1.31 -0.71 ?
-7.65 1.81 -4.31 6.38 -11.88 3.53 -10.43 -1.81 -4.82 -5.84 1
-2.82 5.84 -7.89 7.26 -7.4 4.52 -3.93 1.08 -1.5 -6.28 ?
2.7 4.74 2.26 7.11 -8.69 1.79 -5.38 0.78 -6.7 -3.35 ?
-0.5 1.23 -8.7 -5.17 -4.36 -11.09 -7.36 -5.06 0.19 -2.61 ?
-1.87 3.5 -9.34 -7.48 -3.88 -8.85 -6.97 -3.9 -5.43 1.56 ?
-3.01 2.3 -11.92 -9.36 -8.64 -6.03 -6.17 -5.12 -2.19 1.4 ?
-3.21 4.66 -3.74 8.18 -13.57 5.17 0.23 -0.25 -4.86 -5.9 ?
-1.17 5.2 -5.75 4.35 -7.01 2.81 -2.12 0.52 -6.47 -2.88 1
-4.29 4.81 -8.22 -6.24 -7.7 -8.07 -9.57 -2.33 -0.03 -1.29 ?
-3.34 5.15 -3.86 8.8 -9.95 3.35 -2.91 1.67 -7.99 -6.56 1
0.99 1.46 -7.34 -5.64 -5.32 -8.93 -4.32 -1.22 -5.58 0.41 ?
-1.11 5.13 -6.1 9.38 -12.33 3.03 0.48 -1.61 -8.21 -3.54 ?
-1.22 5.75 -7.41 4.94 -9.49 5.41 -1.73 4.09 -6.93 -7.39 1
-5.27 1.94 -4.31 10.33 -6.48 -1.1 -4.88 -1.91 -9.07 -6.11 1
-4.93 2.05 -9.02 2.71 -8.54 -6.82 -1.79 -0.71 3.46 -3.05 ?
-0.1 6.33 -6.97 9.35 -10.32 4.69 0.54 1.67 -7.28 -8.2 ?
2.09 1.04 -6.04 4.02 -7.39 4.58 -0.88 2.22 -5.2 -3.36 ?
-5.65 3.13 -10.15 11.53 -12.92 2.9 -8.09 2.13 -4.33 0.99 ?
-5.09 6.4 -9.85 8.15 -6.91 0.66 -2.01 -3.51 -6.68 -5.78 1
0.05 5.81 -8.63 -2.64 -7.79 -5.26 -2.97 -1.56 -1.93 1.75 ?
-4.17 4.98 -11.9 -6.56 -8.47 -11.86 -10.22 -5.0 -4.81 2.92 ?
-1.03 1.08 -10.69 -4.74 -4.92 -8.9 -6.95 -4.98 -2.95 -0.56 ?
0.82 5.85 -7.12 6.86 -10.53 7.55 -2.6 1.56 -10.31 -3.76 1
-2.19 2.92 -3.71 8.65 -6.66 -1.33 -4.46 2.45 -6.28 -2.31 1
-2.77 5.12 -13.36 -0.23 -9.63 -6.68 -9.37 -2.83 -2.09 -0.16 ?
-3.61 5.85 -4.13 5.07 -8.0 0.22 -0.97 0.78 -5.23 -7.15 ?
-2.27 3.31 -10.73 -2.84 -7.3 -2.45 -5.8 -4.22 -3.34 0.26 ?
1.14 4.88 -11.52 -4.46 -2.51 -11.47 -3.15 -3.84 -2.72 5.25 ?
1.26 -0.25 -11.93 -3.84 -8.5 -6.09 -11.28 -2.22 -1.04 0.89 ?
-0.87 1.17 -7.53 11.01 -13.35 1.63 0.75 -1.98 -6.93 -7.24 1
3.29 7.47 -11.4 -5.53 -7.95 -10.67 -6.2 -5.5 -4.17 1.55 ?
-0.67 -0.52 -4.76 6.84 -5.52 4.86 -1.36 2.22 -8.71 -4.18 1
-2.73 4.23 -2.07 7.66 -9.48 -1.08 -2.76 -3.23 -6.24 -9.75 ?
-0.21 1.22 -3.74 10.68 -10.7 3.15 -2.54 0.94 -5.67 -7.17 1
-0.95 3.54 -8.86 -1.42 -8.65 -10.11 -3.42 -8.65 -8.35 -3.58 ?
-1.85 5.18 -4.98 11.46 -8.93 4.32 -3.13 0.82 -8.59 -3.68 ?
-4.11 6.31 -14.49 -1.74 -7.15 -3.09 -9.41 -2.91 -1.18 3.74 ?
2.66 4.86 -10.35 -3.5 -4.44 -8.67 -8.49 -3.63 -0.69 0.74 ?
-0.2 -0.11 -8.8 -3.38 -12.21 -9.04 -6.32 -1.33 0.23 1.01 ?
-4.51 5.53 -4.98 6.08 -11.22 3.25 0.66 1.87 -5.56 -5.17 1
-2.22 1.79 -7.6 -1.35 -10.18 -11.28 -3.44 -4.12 -1.87 -4.36 ?
-2.1 3.36 -11.02 6.51 -10.99 3.68 -1.46 -2.81 -3.7 -9.45 ?
-0.49 4.23 -7.28 -0.31 -1.82 -11.5 -9.74 -4.3 -1.68 2.88 ?
1.96 2.04 -5.03 4.93 -7.58 5.8 -2.97 2.68 -5.63 -11.13 1
1.61 5.55 -4.23 6.64 -5.44 2.04 -0.84 -0.61 -10.32 -12.26 1
-4.13 3.87 -7.08 10.99 -8.27 4.33 -1.6 1.59 -5.59 -6.56 1
-0.93 7.25 -14.98 -6.93 -7.21 -10.01 -9.39 -4.1 -0.57 3.06 ?
-1.93 3.95 -6.98 -5.76 -7.74 -11.26 -6.04 -0.52 -0.43 2.54 ?
-0.2 9.91 -11.99 -6.4 -7.58 -5.7 -5.02 -4.23 -2.15 3.27 ?
-1.55 -0.61 -7.44 8.12 -8.77 0.82 -4.12 0.6 -5.73 -3.94 1
-0.88 3.59 -11.39 -6.73 -5.45 -9.57 -3.69 -3.16 -2.07 -1.86 ?
1.49 4.49 -6.11 7.88 -5.28 4.14 -1.26 -0.99 -8.61 -8.91 1
2.37 7.62 -6.49 10.62 -9.46 1.75 -3.31 6.47 -3.15 -10.42 ?
-3.88 6.82 -5.72 7.44 -6.55 2.43 -0.86 3.16 -6.37 -5.48 ?
-2.1 3.88 -9.52 -1.71 -8.34 -9.13 -5.89 -3.38 -1.14 2.5 ?
-4.58 4.0 -12.01 -0.88 -5.95 -9.12 -7.52 -0.56 -3.59 0.44 ?
-3.71 5.82 -6.36 8.28 -10.57 6.6 -2.46 2.65 -7.85 -5.94 ?
1.34 4.1 -8.32 -5.72 -6.15 -11.21 -9.0 1.92 -1.75 3.43 ?
-5.36 1.95 -9.22 -2.02 -6.41 -8.34 -2.24 -2.6 -3.33 -4.19 ?
-5.39 5.79 -12.3 -7.45 -5.88 -11.74 -7.35 -2.6 -0.6 2.56 ?
-0.23 5.72 -9.24 -0.14 -9.37 -3.36 -8.67 -4.66 -0.54 6.2 ?
2.03 -0.59 -3.3 11.2 -9.09 5.96 -2.58 3.84 -9.19 -7.12 ?
1.61 3.11 -6.53 6.87 -10.58 1.99 -2.85 0.7 -10.77 -7.89 1
-0.82 3.41 -8.6 6.58 -6.32 3.58 -5.52 -2.53 -5.66 -6.7 ?
-2.93 5.92 -7.47 -4.83 -2.19 -7.51 -1.91 -1.94 0.43 4.28 ?
-2.93 5.12 -16.0 -5.23 -10.27 -5.93 -5.81 -3.2 -2.52 0.19 ?
-0.44 9.19 -7.78 3.83 -8.65 4.69 -2.41 0.7 -3.79 -4.58 1
0.0 4.09 -10.09 -3.87 -3.69 -5.62 -5.77 0.38 0.8 3.46 ?
-5.73 4.92 -4.67 9.58 -10.26 4.58 -2.32 3.29 -6.86 -3.14 1
0.06 2.68 -4.79 11.46 -11.05 4.23 2.97 1.05 -9.13 -6.99 ?
1.19 1.57 -3.64 6.87 -8.47 4.91 -1.55 2.05 -6.37 0.47 ?
-1.62 7.31 -3.52 10.46 -13.46 2.31 0.9 0.88 -10.29 -3.0 1
-2.0 1.79 -5.22 8.58 -8.52 8.22 0.11 0.5 -10.56 -7.31 1
-4.4 3.39 -7.79 5.41 -11.13 4.57 -0.04 4.92 -6.81 -5.31 ?
-1.84 2.14 -8.07 6.05 -12.72 2.52 -4.27 1.7 -10.63 -7.5 1
-0.6 4.17 -10.33 -4.24 -7.02 -10.85 -7.52 -5.48 -1.47 0.06 ?
-4.05 1.67 -6.41 0.06 -7.9 -6.86 -6.28 -3.23 0.25 1.83 ?
-0.04 5.03 -10.54 -1.97 -5.96 -2.43 -8.86 1.58 -1.06 2.71 ?
-7.27 2.78 -4.45 7.3 -12.47 4.54 -3.84 -1.37 -6.99 -1.59 ?
1.23 5.88 -5.33 6.9 -9.22 3.78 -4.18 1.83 -6.42 -4.0 1
-0.57 2.31 -3.51 9.11 -13.1 2.78 -4.05 -1.44 -6.87 -3.1 1
0.48 3.58 -1.2 10.01 -10.87 3.56 -2.47 5.19 -5.44 -5.01 ?
-5.37 4.25 -10.45 -1.89 -2.77 -8.6 -6.25 -5.63 -0.71 3.17 ?
-3.72 2.77 -10.56 -6.09 -6.47 -9.74 -3.6 -5.2 -0.71 4.81 ?
-0.05 10.24 -7.58 -3.1 -5.59 -8.99 -8.62 -2.68 -0.89 -2.57 ?
-4.58 3.08 -11.84 -6.5 -6.44 -6.95 -8.03 -4.32 -1.48 1.53 ?
-0.4 3.33 -10.83 -4.21 -9.13 -7.02 -6.61 3.28 -3.64 1.45 ?
3.83 2.73 -7.34 8.35 -6.62 1.18 -2.31 5.57 -7.79 -3.13 ?
-1.33 6.76 -6.06 9.87 -6.86 3.81 -4.25 -0.81 -4.36 -1.27 ?
-1.83 5.1 -8.52 -10.16 -5.53 -13.14 -5.51 -1.79 -0.63 -0.63 ?
2.46 3.28 -5.0 5.86 -11.41 3.6 -0.23 0.94 -7.42 -2.2 ?
-0.73 5.5 -9.32 1.72 -4.71 -11.95 -9.32 -0.83 0.57 0.07 ?
-0.16 7.86 -9.34 -5.16 -4.41 -6.49 -5.39 -6.79 -1.78 -1.16 ?
0.57 4.61 -11.02 -0.47 -6.24 -8.45 -8.14 -5.5 0.08 3.05 ?
-2.47 8.97 -7.27 8.27 -11.39 5.88 -3.85 1.19 -7.08 -2.77 1
-1.26 4.28 -8.89 -3.24 -1.66 -10.58 -10.32 -4.88 -5.37 1.05 ?
-0.81 3.9 -14.26 -4.7 -8.77 -5.44 -7.77 -0.57 -0.96 0.28 ?
1.44 4.13 -15.46 -4.12 -6.22 -8.6 -6.64 -8.93 -0.85 -0.0 ?
-4.49 2.39 -6.7 6.99 -7.38 9.79 -0.08 1.03 -2.06 -5.18 1
0.91 4.4 -9.22 6.55 -6.6 0.78 -4.05 2.91 -3.38 -8.02 1
-2.45 5.33 -12.04 -1.55 -7.99 -4.65 -7.55 -0.41 -0.45 -0.96 ?
1.85 5.83 -7.12 0.14 -4.57 -10.36 -6.53 -1.58 -3.06 1.86 ?
-6.12 7.37 -6.09 -3.14 -9.94 -6.08 -6.71 -4.54 -5.02 2.1 ?
-0.38 3.97 -4.7 -4.73 -5.16 -6.7 -8.88 -8.27 -0.67 2.8 ?
-2.73 1.49 -11.07 -2.29 -3.64 -4.65 -7.65 -3.37 -4.13 3.25 ?
-3.76 3.72 -4.89 7.92 -7.74 0.83 -2.77 0.07 -8.64 -5.28 1
-4.38 2.3 -5.1 10.1 -13.14 4.51 1.93 2.85 -9.32 -6.44 ?
-2.52 5.66 -10.85 -3.72 -4.36 -8.03 -8.23 -4.84 -3.54 0.74 ?
-1.14 5.0 -5.47 5.42 -8.43 1.21 0.93 5.15 -5.5 -5.38 1
-3.29 -1.79 -6.81 9.36 -10.25 1.74 -0.27 2.1 -3.17 -6.88 ?
-0.49 3.57 -6.88 10.55 -11.8 2.74 -4.52 -0.14 -5.69 -10.46 1
-3.98 5.57 -4.32 6.3 -9.69 6.68 3.07 2.74 -7.12 -6.5 1
-1.54 5.97 -8.54 -5.72 -6.67 -6.29 -5.53 -0.57 -1.84 0.97 ?
-4.26 3.74 -13.83 1.38 -6.66 -7.11 -5.72 -5.14 -2.01 -5.73 ?
-0.72 1.61 -8.05 -6.26 -10.83 -8.52 -7.31 -3.17 1.57 -1.09 ?
1.3 1.23 -5.88 -6.77 -7.34 -6.46 -11.28 -2.9 0.49 1.33 ?
2.7 7.33 -5.46 7.57 -6.46 3.24 2.29 3.66 -5.34 -7.31 1
-0.45 2.34 -6.5 7.61 -13.03 2.29 -1.48 0.81 -4.9 -7.35 ?
-2.95 5.74 -13.24 10.18 -8.65 -1.52 -1.29 1.05 -5.91 -6.2 ?
-2.75 2.63 -9.67 -1.38 -1.75 -6.17 -8.58 -6.51 1.07 1.54 ?
-2.33 5.27 -6.31 4.42 -11.44 7.57 1.98 0.88 -10.81 -7.6 ?
-0.88 4.77 -3.52 5.27 -9.31 2.38 -0.35 3.48 -12.13 -8.93 1
-1.29 3.98 -5.0 5.99 -9.59 6.77 -3.51 -1.9 -8.91 -6.53 1
0.2 1.81 -6.26 10.24 -6.1 4.91 1.63 -0.27 -11.25 -4.1 ?
0.75 3.85 -0.87 3.44 -10.38 6.4 0.53 1.55 -1.03 -7.08 ?
2.53 3.61 -2.32 9.08 -7.66 2.87 -0.72 2.87 -7.17 -10.16 ?
-7.78 7.93 -8.42 -5.35 -6.95 -6.92 -6.96 -1.83 -6.99 1.28 ?
-3.64 4.76 -10.94 -1.47 -4.27 -9.29 -10.2 -2.65 -3.67 2.75 ?
-0.54 7.21 -8.05 2.52 -11.66 0.39 -1.42 3.65 -6.67 -7.33 ?
-0.69 2.21 -7.14 8.41 -10.48 1.94 -3.13 2.72 -7.24 -5.36 1
-6.59 2.27 -4.56 -2.25 -9.97 -9.11 -7.36 -2.89 -1.37 2.66 ?
-0.88 6.5 -6.0 9.5 -11.82 8.36 -1.05 2.36 -4.54 -5.24 ?
-5.62 1.13 -11.52 -3.35 -7.84 -8.07 -6.16 -2.53 -4.55 -0.04 ?
-5.99 2.55 -11.49 -4.31 -10.42 -11.28 -6.46 -2.59 0.3 4.21 ?
-1.41 3.78 -14.55 -4.06 -4.52 -8.74 -7.27 -2.12 -0.38 2.91 ?
2.16 5.71 -6.69 -6.99 -8.23 -7.99 -6.76 -1.4 0.46 -0.1 ?
0.47 5.39 -8.21 7.96 -9.0 4.74 -0.24 -0.83 -5.45 -7.94 1
1.16 2.02 -12.09 -1.78 -4.81 -13.07 -8.23 -8.36 -2.52 1.12 ?
-5.29 2.32 -12.07 -2.49 -5.72 -4.52 -4.72 -6.33 -5.45 3.49 ?
-1.11 2.83 -7.05 11.72 -11.33 5.76 1.62 -0.44 -9.26 -4.99 1
-1.5 1.82 -9.7 -1.13 -4.98 -6.48 -5.14 -0.79 -1.39 2.6 ?
2.78 5.81 -6.79 -5.45 -3.21 -8.2 -5.96 -2.94 -1.18 -2.94 ?
-1.61 5.44 -15.54 -3.17 -7.97 -3.84 -7.93 -0.35 -8.1 2.73 ?
-2.99 3.88 -4.74 5.13 -9.6 -0.04 -1.95 1.72 -8.04 -8.03 ?
1.69 2.99 -9.55 -1.89 -6.3 -9.18 -5.54 -2.93 0.33 -0.73 ?
-1.06 8.54 -5.47 7.1 -6.05 2.52 -5.24 2.49 -5.89 -7.83 1
-2.73 3.92 -9.61 -4.49 -5.41 -8.75 -3.67 -3.12 -3.49 -2.23 ?
-2.78 1.95 -10.89 -5.53 -7.32 -10.74 -9.05 0.84 3.31 4.53 ?
-0.33 4.69 -6.31 2.95 -12.27 2.14 -0.56 1.68 -7.7 -6.79 1
1.01 6.21 -9.47 -5.83 -6.9 -11.0 -5.99 -3.51 -0.87 4.11 ?
1.94 2.74 -11.56 -2.4 -6.34 -3.14 -4.92 -5.08 -5.59 1.28 ?
-0.6 5.06 -7.58 4.49 -9.95 -0.48 1.28 -3.84 -2.16 -5.11 ?
-3.76 5.2 -7.66 9.5 -7.19 2.84 -3.16 1.74 -7.44 -8.33 ?
1.51 4.52 -4.85 7.31 -5.08 3.84 -3.21 3.86 -8.05 -4.71 1
-6.53 5.87 -10.85 -3.59 -5.86 -10.04 -3.83 -2.82 1.53 1.18 ?
-0.33 5.38 -5.4 4.1 -9.75 7.19 -5.1 1.84 -8.55 -5.53 1
0.38 2.41 -12.32 -6.03 -9.15 -10.65 -1.5 0.03 -3.49 0.9 ?
-1.52 0.82 -10.08 -4.66 -6.49 -9.69 -7.24 -3.78 1.12 -1.95 ?
1.19 2.89 -7.63 9.34 -11.86 4.13 -2.72 4.09 -9.74 -11.8 ?
-1.22 4.76 -7.7 6.28 -11.21 5.7 -0.22 2.15 -5.75 -5.66 ?
-4.93 3.57 -8.4 -7.64 -6.86 -7.64 -4.06 -8.98 -1.72 5.62 ?
-3.48 7.21 -3.74 9.61 -9.73 4.52 0.18 1.09 -11.88 -4.74 1
-1.28 0.42 -6.29 5.66 -10.18 5.96 -3.54 0.06 -7.18 -6.4 ?
-3.06 6.4 -6.19 -2.35 -8.81 -5.8 -9.96 -1.22 0.28 0.24 ?
2.84 8.51 -5.58 6.49 -6.07 3.41 -1.39 -0.6 -4.23 -11.25 ?
-0.86 4.87 -9.33 -4.03 -8.57 -5.77 -7.87 -6.1 -2.33 -5.4 ?
-2.37 3.83 -8.14 3.08 -8.85 6.59 -3.17 2.84 -4.86 -5.5 ?
2.63 -0.26 -8.59 8.93 -2.72 4.45 0.91 0.37 -6.08 -0.22 1
-2.3 4.09 -7.55 -1.0 -9.9 -9.26 -8.17 -0.15 -2.21 4.25 ?
-0.5 0.73 -12.1 -5.86 -5.28 -8.77 -6.17 -0.45 -0.78 -1.65 ?
-1.58 4.03 -9.22 9.2 -7.73 7.0 -2.68 0.99 -2.93 -6.72 ?
-2.9 3.85 -8.27 -6.74 -4.49 -9.35 -3.49 0.51 2.36 -1.66 ?
-1.78 1.43 -10.34 -2.62 -7.39 -11.43 -5.65 -2.47 -2.13 -1.73 ?
-3.2 6.41 -10.87 -7.39 -7.46 -5.35 -6.72 -1.77 -1.61 0.89 ?
1.99 2.88 -9.8 5.21 -13.13 4.53 -1.24 1.51 -8.28 -3.59 ?
-3.78 5.12 -8.16 -8.02 -3.13 -10.66 -7.08 -2.18 -2.62 2.7 ?
-2.59 3.82 -9.08 9.61 -7.18 3.14 -2.28 0.69 -3.5 -3.55 1
-0.01 5.56 -16.53 0.13 -7.77 -9.67 -4.86 -4.88 -0.9 -1.36 ?
1.33 8.74 -9.24 -6.29 -3.11 -7.8 -6.86 1.77 -4.26 2.33 ?
-0.52 2.79 -7.05 -7.89 -9.08 -5.1 -7.3 0.54 -6.18 -0.8 ?
-0.94 3.05 -8.99 -2.2 -2.48 -8.47 -3.2 -4.17 -3.29 1.79 ?
-5.23 5.22 -10.73 6.46 -9.88 3.98 -5.47 1.3 -9.25 -10.43 ?
1.62 1.68 -1.98 9.37 -8.45 -0.83 -6.41 -0.87 -7.77 -6.91 ?
-5.31 2.96 -5.51 9.03 -6.76 2.97 1.56 2.74 -5.03 -4.94 ?
-0.66 3.26 -4.16 8.46 -10.15 4.02 0.88 3.97 -5.41 -4.52 1
-0.87 3.7 -8.04 -4.63 -6.95 -7.63 -9.16 -3.81 -2.81 1.02 ?
2.19 3.84 -12.03 -0.81 -3.81 -8.37 -7.44 -0.9 -4.21 3.02 ?
-4.6 5.75 -12.35 -5.03 -9.05 -8.42 -7.31 -4.23 -0.43 5.01 ?
4.92 3.18 -8.0 -3.74 -6.46 -7.33 -3.7 -4.69 -0.35 2.47 ?
-0.22 1.98 -11.17 -2.56 -10.59 -5.78 -5.72 -2.56 -5.52 -2.52 ?
-2.19 2.92 -7.68 6.63 -9.41 -0.67 -0.81 1.28 -2.83 -7.75 1
-1.82 2.93 -2.56 5.37 -12.52 1.15 -6.67 3.96 -8.32 -4.45 ?
1.91 6.8 -6.68 6.06 -8.24 3.12 -3.63 1.54 -7.94 -2.85 1
1.18 8.16 -10.52 -4.56 -8.04 -8.16 -4.83 0.59 -1.94 0.79 ?
-2.73 4.86 -8.65 -6.17 -5.51 -4.82 -5.1 -2.52 -3.14 -0.69 ?
0.84 5.78 -10.26 -1.7 -6.32 -1.15 -3.64 -0.32 1.03 0.97 ?
-1.26 7.39 -9.1 -0.47 -4.49 -7.29 -9.26 -1.85 -1.29 5.38 ?
-2.86 4.12 -9.94 -8.19 -3.37 -8.74 -6.19 -6.07 -2.79 -0.06 ?
-0.21 4.21 -8.38 10.41 -10.81 4.01 -4.48 0.04 -4.64 -3.0 ?
3.4 8.28 -13.03 -7.13 -6.91 -6.82 -6.59 2.12 0.76 4.71 ?
0.23 5.97 -11.08 -4.94 -8.42 -2.08 -8.75 -2.51 -2.83 0.38 ?
-0.01 8.43 -7.28 8.14 -9.36 -2.07 2.03 4.27 -6.11 -5.44 1
-0.99 4.77 -11.28 -6.01 -7.73 -9.65 -2.64 -6.34 2.25 0.21 ?
-5.14 5.5 -9.76 -7.58 -6.0 -5.68 -10.08 -5.4 -4.86 -0.19 ?
-1.16 6.03 -8.52 0.94 -10.17 5.93 -1.97 1.85 -8.38 -6.77 1
-5.69 8.24 -4.86 -6.96 -8.77 -8.18 -4.27 -8.29 -2.44 2.38 ?
-1.92 4.43 -10.4 -4.37 -5.96 -10.98 -3.85 -0.88 -2.53 2.71 ?
-3.05 1.67 -8.8 -3.41 -9.68 -5.08 -6.51 -3.74 2.12 0.34 ?
-6.54 6.47 -8.32 -2.11 -2.86 -4.97 -9.65 -0.39 -3.12 1.3 ?
-6.52 4.41 -12.61 -2.66 -2.72 -9.4 -2.69 -5.32 3.15 -1.21 ?
-1.66 0.63 -12.0 8.64 -8.93 -0.37 -2.55 2.66 -7.5 -4.29 1
-1.6 2.35 -10.18 1.12 -6.91 -10.04 -5.49 -4.02 -5.41 1.66 ?
-1.51 4.91 -9.96 -3.53 -9.74 -7.96 -6.72 -3.23 -0.88 -0.86 ?
-0.92 3.66 -8.47 -2.93 -11.42 -6.9 -7.21 -3.06 -2.75 1.95 ?
-1.91 6.08 -6.22 -5.01 -10.68 -6.71 -3.89 -3.19 -0.52 5.21 ?
-4.2 6.25 -8.59 -2.03 -8.26 -10.61 -6.65 1.08 -2.55 2.45 ?
0.47 4.51 -7.27 11.91 -11.9 4.37 -0.2 -1.18 -9.93 -3.78 1
-0.69 4.16 -5.89 3.4 -12.46 1.86 -3.83 3.07 -10.31 -5.43 ?
2.69 6.38 -3.38 6.3 -8.43 7.12 2.2 -0.37 -8.07 -6.98 1
-3.63 7.03 -5.41 -1.71 -8.34 -6.82 -3.94 -1.81 -2.53 -5.58 ?
-1.59 4.06 -4.84 8.37 -10.9 4.92 -3.13 2.71 -9.97 -5.34 1
-0.79 3.82 -6.12 5.16 -8.79 2.33 -1.4 4.51 -8.91 -6.31 1
-2.67 1.46 -10.09 -5.11 -6.56 -12.39 -6.15 -4.19 -0.54 -3.29 ?
-1.17 5.7 -9.73 13.77 -5.67 9.56 1.27 4.45 -7.12 -9.16 1
-3.52 3.88 -10.9 -3.8 -5.73 -6.87 -3.15 -3.1 0.23 4.87 ?
1.81 0.2 -3.53 10.59 -7.76 1.78 -2.43 -1.58 -4.46 -4.09 1
-2.82 13.38 -6.78 -7.88 -8.17 -6.42 -6.94 -0.36 2.17 0.79 ?
-4.29 6.23 -9.92 -7.02 -5.48 -5.76 -4.67 -3.16 -4.07 1.03 ?
-3.97 5.3 -9.08 -1.69 -7.61 -8.87 -7.68 0.48 0.35 0.68 ?
-4.7 3.03 -7.8 3.38 -9.92 2.16 -2.21 1.17 -10.67 -6.8 ?
-8.08 3.84 -10.42 -5.29 -6.73 -10.23 -3.26 -1.51 -4.81 1.94 ?
2.22 1.47 -8.91 6.18 -7.07 1.81 0.33 1.1 -6.64 -4.95 ?
-2.72 7.71 -2.64 6.01 -9.82 4.51 -1.76 2.48 -6.33 -7.97 ?
-0.06 1.75 -9.39 -4.02 -8.49 -8.93 -1.67 -1.9 -1.78 -1.87 ?
-2.73 1.64 -0.94 7.54 -9.74 -1.07 -0.84 1.53 -7.86 -8.13 1
-0.6 5.72 -10.2 -3.88 -7.02 -9.35 -6.29 -3.47 -0.98 0.49 ?
-0.65 -0.73 -2.3 7.11 -7.64 4.46 2.63 -0.08 -8.34 -1.66 1
-0.51 3.1 -8.0 8.46 -12.45 2.09 -5.03 0.52 -7.89 -7.6 1
-4.33 9.93 -10.56 -3.74 -8.57 -8.77 -8.45 0.82 -6.5 0.33 ?
-0.07 0.57 -8.89 -0.79 -6.35 -8.15 -6.36 -3.76 -0.67 -1.3 ?
-1.92 2.67 -10.33 -3.35 -6.22 -9.36 -6.78 -1.85 -3.65 -0.56 ?
1.59 4.18 -6.89 -4.67 -4.26 -9.87 -7.48 -7.3 -0.38 0.13 ?
2.27 0.93 -5.34 7.28 -10.91 4.77 -0.78 1.39 -9.32 -9.34 ?
-1.8 4.62 -10.06 -3.66 -8.78 -8.24 -4.4 -4.66 -0.61 2.11 ?
-4.67 7.37 -10.98 -7.12 -6.37 -8.9 -8.06 0.71 -1.92 0.65 ?
-0.06 0.55 -6.71 7.85 -14.77 -1.96 -2.23 1.93 -7.95 -7.12 ?
-3.53 2.59 -9.53 -4.33 -5.2 -10.05 -4.08 -0.83 -2.69 -0.72 ?
4.2 4.17 -8.24 5.0 -14.23 4.01 -4.79 1.59 -7.28 -6.97 ?
-1.79 3.59 -2.89 7.7 -9.75 3.53 -1.53 -0.27 -6.15 -7.84 1
-6.25 1.04 -6.16 -2.58 -5.55 -5.37 -11.12 0.37 -4.86 -1.58 ?
2.08 7.84 -5.89 -6.05 -5.74 -9.45 -4.61 -3.31 -6.51 2.14 ?
-1.56 1.24 -4.41 7.42 -10.67 -3.01 0.03 -2.74 -8.38 -3.62 ?
-0.9 2.82 -9.1 -0.13 -9.43 -4.08 -6.04 -0.44 -1.36 1.93 ?
-3.51 4.82 -3.62 7.19 -8.25 0.01 -2.96 5.3 -9.28 -6.14 ?
0.78 4.92 -8.04 0.9 -8.13 -7.82 -10.31 -4.7 1.68 5.64 ?
-1.31 5.01 -6.15 -4.59 -10.56 -5.87 -1.87 -2.64 -0.05 -0.8 ?
-1.4 2.48 -11.13 -4.89 -5.57 -10.01 -5.4 -1.52 -3.82 1.01 ?
-0.4 5.74 0.18 7.31 -12.67 2.23 -0.98 1.56 -5.38 -9.3 1
-2.91 2.96 -2.14 5.42 -9.25 1.97 -0.1 1.19 -3.72 -7.97 1
-2.92 2.41 -9.35 4.53 -8.34 -1.0 -4.11 2.73 -8.56 -8.15 ?
-5.22 3.84 -8.72 -1.26 -5.65 -3.42 -4.52 -4.48 -2.46 3.2 ?
-0.98 4.13 -14.85 -9.33 -7.85 -7.63 -4.96 -3.73 -4.08 1.03 ?
-3.77 2.32 -13.46 -1.0 -7.67 -4.79 -8.15 -4.14 -1.84 2.99 ?
0.82 3.4 -3.37 4.46 -12.65 4.93 -0.37 -0.09 -4.19 -4.85 ?
-0.26 3.63 -5.12 6.01 -7.94 5.43 3.71 -3.31 -8.61 -5.67 ?
-0.86 7.87 -6.94 4.86 -10.96 3.98 2.04 1.91 -6.89 -3.41 1
-0.89 3.49 -4.13 2.21 -9.17 2.87 -1.39 4.55 -11.52 -8.98 ?
-3.11 3.26 -8.89 -4.71 -9.23 -6.2 -5.76 0.34 -5.24 -0.23 ?
0.98 1.64 -5.33 6.56 -6.01 5.04 0.91 -2.29 -7.0 -7.59 ?
-1.37 0.26 -6.8 6.07 -9.62 3.63 -4.49 0.99 -9.2 -5.88 1
-4.55 0.85 -6.26 8.81 -7.87 3.3 -0.44 3.5 -8.71 -7.0 ?
-3.34 3.43 -12.37 -6.23 -10.24 -7.63 -9.43 -3.67 -2.09 2.38 ?
-0.08 0.5 -8.55 -2.94 -5.12 -5.65 -7.24 -1.11 -3.41 5.47 ?
-3.15 6.44 -2.8 4.52 -9.46 4.37 -3.89 0.59 -8.81 -8.55 ?
-1.29 4.33 -3.41 8.16 -8.12 1.21 -2.41 0.83 -6.55 -7.0 ?
-3.1 1.35 -9.92 14.33 -12.04 4.42 1.23 -3.23 -8.37 -3.27 1
-5.14 4.31 -12.19 -1.23 -7.16 -8.04 -4.41 -4.09 -2.68 3.57 ?
-1.02 0.44 -5.15 8.17 -9.61 2.11 -0.56 1.18 -5.3 -7.17 1
-4.48 2.38 -4.81 4.13 -12.51 3.36 -2.73 2.36 -6.97 -2.36 ?
-1.17 6.77 -9.62 -3.36 -2.43 -8.76 -5.88 -4.43 -2.93 0.69 ?
2.69 2.35 -12.76 -5.45 -4.45 -12.81 -2.93 -5.32 -4.45 -2.41 ?
-3.58 6.04 -4.47 8.68 -6.74 3.07 -0.64 -1.21 -9.08 -5.11 ?
-1.58 7.9 -8.41 -1.59 -8.18 -4.83 -8.85 -1.9 -4.35 -0.47 ?
-1.47 5.77 -11.69 -5.86 -5.21 -5.79 -2.92 -3.8 -8.26 2.03 ?
-6.86 8.99 -10.73 -7.4 -6.8 -11.2 -6.12 -1.79 -5.23 2.81 ?