T0	T1	T2	T3	T4	T5	T6	GENE
0.73	0.87	1.09	0.19	0.1	-1.63	-1.35	YHR007C
-0.85	-0.51	-0.38	-0.51	-0.59	0.64	2.2	YAL054C
-0.43	-0.38	0.24	-0.63	-1.54	1.15	1.59	YOL109W
-0.98	-0.76	0.21	-0.83	-0.59	1.64	1.3	YAL067C
1.15	0.87	0.82	0.13	-0.21	-0.92	-1.83	YAL003W
0.78	0.66	1.25	0.06	-0.1	-0.65	-1.99	YAL012W
-1.22	-0.98	0.79	-0.76	-0.29	1.54	0.93	YAL018C
0.82	0.82	0.77	0.03	0.62	-1.69	-1.36	YAL023C
1.2	0.77	0.87	0.06	0	-1.35	-1.54	YAL025C
-1.04	-0.01	-0.34	-0.87	-0.73	1.35	1.64	YAL034C
0.9	0.76	1.22	-0.14	0.02	-1.01	-1.76	YAL036C
0.73	0.84	0.95	0.2	0.17	-0.9	-1.99	YAL038W
1.41	1.11	-0.11	-1.36	-0.14	-1.31	0.4	YAL043C
1.1	0.81	1.1	-0.3	0.02	-1.12	-1.6	YAL046C
0.66	1.43	1.02	-0.17	-0.46	-0.9	-1.56	YAL059W
-0.91	-0.63	-0.78	-0.32	-0.38	1.92	1.11	YAL060W
1.14	1.01	1.04	-0.01	-0.72	-1.02	-1.44	YAR071W
0.77	0.91	0.94	0.36	-0.01	-1.23	-1.75	YAR073W
0.96	1.07	0.93	0.08	-0.22	-1.26	-1.56	YAR074C
-0.76	-0.64	-0.67	-0.6	-0.46	1.32	1.81	YBL015W
1.25	0.72	1.01	0.05	-0.27	-1.24	-1.51	YBL024W
0.61	0.58	1	0.38	0.26	-0.67	-2.15	YBL027W
-0.85	-0.98	-0.71	-0.38	-0.05	1.83	1.15	YBL038W
0.9	1.18	1.04	0.05	-0.69	-0.9	-1.56	YBL039C
-0.87	-0.34	-0.39	-0.59	-0.89	1.37	1.72	YBL043W
-0.84	-0.92	-0.14	-0.32	-0.74	1.03	1.93	YBL045C
-0.69	-0.39	-0.6	-0.67	-0.77	1.72	1.41	YBL048W
-0.87	-0.31	-0.29	-0.54	-1.05	1.46	1.59	YBL049W
1.39	1.03	0.8	-1.24	-0.79	-0.09	-1.1	YBL054W
-0.77	-1.04	-0.48	-0.34	-0.44	1.77	1.29	YBL064C
1.49	0.84	1.04	-0.49	-0.98	-0.93	-0.96	YBL068W
-0.48	-0.83	-0.57	-0.69	-0.57	1.45	1.69	YBL075C
0.87	0.98	0.76	0.31	0.11	-1.45	-1.58	YBL076C
-1.03	-0.8	-0.51	-0.41	-0.33	1.63	1.45	YBL078C
0.63	0.74	1.21	0.34	0.04	-1.25	-1.71	YBL087C
-1.07	-1.04	-0.07	-0.66	0.21	0.68	1.96	YBL099W
-0.95	-0.85	-0.59	-0.36	0.04	0.57	2.14	YBL100C
-0.76	-0.97	-0.01	0.19	-1.17	0.91	1.8	YBR001C
-1.76	-0.72	0.13	-0.01	-0.23	1.3	1.28	YBR006W
0.43	0.62	0.87	0.6	0.38	-0.74	-2.15	YBR032W
0.87	1.15	1.22	-0.9	-0.87	-0.1	-1.36	YBR034C
-0.64	-1.04	-0.1	-0.77	-0.37	0.96	1.96	YBR039W
-0.78	0.37	-1.09	-0.6	-0.76	1.63	1.22	YBR046C
0.89	0.98	0.85	0.33	-0.3	-0.86	-1.89	YBR048W
-1.53	-0.93	-0.06	0.41	-0.27	1.77	0.62	YBR052C
-0.78	-0.74	0.12	-0.2	-1.26	1.7	1.16	YBR053C
-1.46	-1.36	0.09	0.34	0.05	1.44	0.91	YBR054W
-1.47	-1.2	-0.06	0.48	-0.21	1.42	1.04	YBR056W
-0.67	-0.65	-0.4	-0.66	-0.76	1.44	1.7	YBR067C
1	0.83	1.12	-0.49	-0.87	-1.75	0.16	YBR069C
-1.11	-0.77	-0.81	-0.3	0.06	1.73	1.2	YBR072W
1.19	0.93	0.85	-0.08	-0.22	-0.86	-1.79	YBR079C
1.05	1.2	0.55	0.22	-0.25	-1.06	-1.71	YBR089W
0.88	0.87	1.09	0.23	-0.3	-1.02	-1.75	YBR092C
0.83	0.67	1.5	0.08	-0.47	-1.31	-1.3	YBR093C
-0.65	-0.67	-0.52	-0.75	-0.57	1.5	1.65	YBR101C
0.68	0.76	0.66	0.47	0.42	-0.93	-2.07	YBR106W
-0.66	-0.32	-0.46	-0.71	-0.92	1.23	1.84	YBR116C
-0.49	-0.17	-0.12	-0.85	-1.22	0.95	1.9	YBR117C
1.14	0.76	0.91	-0.03	-0.02	-0.87	-1.88	YBR121C
-1.4	-0.83	0.3	-0.27	-0.55	1.18	1.57	YBR132C
-1.19	-0.72	-0.81	0.03	-0.24	1.22	1.69	YBR139W
0.81	0.92	1.52	-0.41	-0.47	-1.18	-1.19	YBR142W
1	0.69	1.03	0.1	-0.02	-0.89	-1.91	YBR143C
-0.8	-0.43	-0.73	-0.65	-0.51	1.78	1.34	YBR147W
-0.99	-0.72	-0.85	-0.49	0.09	1.78	1.17	YBR149W
0.96	0.79	0.87	0.12	0.24	-1.15	-1.82	YBR156C
1.37	1.37	0.5	-0.63	-0.44	-1.11	-1.07	YBR158W
-1	-0.96	-0.84	-0.15	0.02	1.61	1.32	YBR169C
0.63	0.66	0.66	0.54	0.57	-1.06	-2	YBR181C
-1.2	-1.23	-0.41	0.28	0.05	1.84	0.67	YBR183W
0.3	1.85	0.9	-0.25	-0.92	-0.94	-0.94	YBR186W
0.3	0.63	1.17	0.68	0.22	-1.19	-1.8	YBR187W
0.82	0.53	0.86	0.56	0.28	-1.18	-1.87	YBR189W
0.86	0.53	0.85	0.54	0.21	-1.01	-1.97	YBR191W
-0.69	-0.7	-0.53	-0.45	-0.75	1.82	1.3	YBR203W
-1.11	-1.27	-0.57	0.07	0.12	1.38	1.38	YBR204C
-0.97	-0.67	-0.21	-0.2	-0.93	1.81	1.17	YBR214W
0.7	1.44	0.91	-0.18	-0.37	-0.86	-1.65	YBR238C
-1.39	-0.42	-0.08	-0.29	-0.65	1.85	0.98	YBR241C
1.01	0.8	0.96	-0.28	-0.11	-0.31	-2.06	YBR247C
0.9	0.79	0.89	0.3	0.14	-1.34	-1.69	YBR249C
1.3	0.63	1.32	-0.33	-0.58	-1.11	-1.22	YBR266C
1.35	0.7	1.15	-0.51	-0.8	-0.35	-1.54	YBR267W
-0.79	-1.01	-0.76	-0.35	-0.05	1.84	1.12	YBR269C
-0.73	-0.69	-0.31	-0.43	-0.84	1.99	1.02	YBR280C
-1.47	-0.83	0.85	0.07	-0.81	1.53	0.65	YBR287W
-0.88	-0.55	-0.22	-0.85	-0.53	1.15	1.88	YBR298C
-0.98	-0.63	-0.38	-0.21	-0.69	2.07	0.82	YCL035C
-1.63	-1.15	-0.01	-0.04	1.13	1.23	0.48	YCL040w
-1.26	-0.93	-0.45	-0.32	1.52	1.39	0.04	YCL042W
1.15	0.91	0.65	0.33	-0.09	-1.44	-1.5	YCL046W
1.06	0.97	0.75	-0.06	0.21	-1.3	-1.63	YCL053C
1.13	0.72	1.1	-0.06	-0.31	-0.76	-1.82	YCL054W
-1.04	-1.11	0.87	-0.14	-0.8	1.74	0.48	YCL075W
1.07	1.32	0.69	-0.39	-0.39	-0.54	-1.75	YCLX02C
-0.72	-0.35	-0.13	-0.6	-1.06	0.83	2.04	YCR005c
-1.52	-0.99	0.26	0.04	-0.42	1.43	1.19	YCR021c
-0.91	0.09	-0.47	-0.73	-0.93	1.76	1.2	YCR039c
1.32	0.97	0.85	-0.54	-0.05	-1.09	-1.45	YCR053w
0.31	0.46	0.79	-1.08	-0.73	1.6	-1.35	YCR054C
0.92	1.05	1.43	-0.56	-0.82	-0.94	-1.07	YCR055C
0.81	1.64	0.56	-0.29	-0.28	-0.92	-1.53	YCR058C
-1.57	-0.39	0.33	-0.54	-0.51	1.59	1.09	YCR061W
1.42	1.31	0.51	-0.38	-0.66	-1.13	-1.08	YCR065w
-1	-0.3	-0.64	-0.33	-0.75	1.86	1.17	YCR091w
-0.88	-1.01	-0.62	-0.34	-0.08	1.91	1.02	YDL004W
0.94	0.52	1.18	0.16	0.14	-1.26	-1.68	YDL014W
-0.14	-0.68	-0.61	-0.74	-0.91	1.65	1.43	YDL020C
-1.49	-1.25	-0.31	0.23	0.52	1.39	0.92	YDL021W
-0.95	-1.1	-0.96	0.19	0.1	1.66	1.07	YDL022w
-0.93	-0.88	-1.3	0.15	0.3	1.35	1.32	YDL023c
-1.27	-1.14	0.57	-0.3	-0.47	1.46	1.14	YDL024c
0.85	1.75	0.69	-0.7	-0.8	-0.82	-0.96	YDL037c
1.69	0.93	0.54	-0.4	-0.51	-1.24	-1.01	YDL042C
0.95	0.88	1.03	0.15	-0.12	-1.35	-1.54	YDL050c
0.83	1.31	0.98	-0.04	-0.5	-1.21	-1.38	YDL051W
0.64	1.46	0.57	0.28	-0.12	-1.37	-1.46	YDL052C
0.89	0.88	1	0.14	0	-1.12	-1.78	YDL060w
1.13	1.13	0.79	-0.11	-0.31	-0.96	-1.67	YDL063c
0.86	0.66	0.89	0.41	0.04	-0.79	-2.06	YDL075W
-0.76	0.77	-0.65	-0.97	-0.85	1.83	0.63	YDL079C
1.02	0.81	0.63	0.37	0.21	-1.33	-1.72	YDL082w
1.13	0.64	0.75	0.14	-0.04	-0.52	-2.11	YDL083C
1	1.12	0.65	0.13	0.02	-1.32	-1.6	YDL084w
-0.78	0.2	-0.63	-0.79	-0.92	1.13	1.79	YDL085w
-0.9	-0.8	-0.71	-0.52	-0.13	1.69	1.38	YDL091c
1.22	1.03	0.82	-0.12	-0.25	-1.51	-1.19	YDL111c
0.67	1.21	0.83	0.48	-0.35	-1.3	-1.53	YDL122W
1.48	0.93	0.25	-0.55	0.42	-1.58	-0.96	YDL131w
0.67	0.74	0.72	0.35	0.52	-0.94	-2.05	YDL136w
1.08	1.39	0.62	-0.28	-0.23	-1.26	-1.33	YDL140C
0.88	1.16	0.56	0.25	0.14	-1.51	-1.49	YDL145C
0.88	0.85	1.24	-0.12	-0.27	-0.76	-1.82	YDL148c
1.06	1.53	0.42	-0.17	-0.4	-0.92	-1.53	YDL151c
0.7	1.19	1.16	-0.18	-0.38	-0.74	-1.74	YDL152w
1.2	0.91	1.12	-0.23	-0.51	-1.05	-1.44	YDL153c
1.02	0.94	0.85	0.08	0.06	-1.38	-1.57	YDL167C
-0.77	-0.95	-0.4	-0.6	-0.38	1.59	1.52	YDL169C
-1.32	-0.44	-0.43	-0.02	-0.71	1.26	1.67	YDL181W
1.79	0.88	0.35	-0.3	-0.42	-1.07	-1.23	YDL182w
0.85	0.48	0.87	0.38	0.48	-1.21	-1.86	YDL191W
-0.8	-0.22	-0.29	-0.55	-1.12	1.15	1.83	YDL199c
-0.87	-0.09	-0.96	-0.49	-0.6	1.79	1.23	YDL204w
0.87	0.69	0.87	0.26	0.36	-1.28	-1.78	YDL208W
0.8	0.53	1.09	0.09	0.27	-0.71	-2.07	YDL210W
0.87	0.83	1.2	-0.09	0.06	-1.48	-1.39	YDL213c
-0.84	0.11	-0.51	-0.91	-0.84	1.32	1.66	YDL218w
-0.62	0.11	-0.3	-0.66	-1.33	0.95	1.85	YDL223c
-0.52	-0.79	0.1	-0.42	-1.29	1.4	1.51	YDL245C
-0.99	-1.11	-0.56	-0.01	-0.28	1.6	1.35	YDR001C
-1.16	0.64	-1.07	-0.47	-0.54	1.63	0.96	YDR003W
1.65	0.94	-0.51	-1.27	-1.16	0.42	-0.07	YDR006C
0.57	0.59	0.77	0.58	0.45	-0.84	-2.12	YDR012W
-0.99	0.71	-0.47	-1.03	-0.87	1.25	1.39	YDR018c
-1.24	-0.5	0.22	0.88	1.87	-0.34	-0.87	YDR019C
1.14	0.35	1.25	0.07	-0.07	-1	-1.74	YDR023W
0.21	1.84	0.36	0.26	-0.06	-1.23	-1.37	YDR024w
-1.02	-0.78	-0.47	-0.53	-0.04	2.05	0.8	YDR031w
-1.52	-1.16	0.04	0.22	0.3	1.76	0.34	YDR032c
0.86	1.17	0.65	0.12	0.17	-1.5	-1.48	YDR037W
-0.57	-0.5	-0.38	-0.38	-1.19	1.24	1.78	YDR043C
-1.57	-1.17	1.29	0.23	-0.2	1.17	0.26	YDR055w
-1	-1.24	-0.08	-0.56	0.09	1.04	1.75	YDR059C
0.92	0.88	0.96	0.13	0.08	-1.41	-1.56	YDR060w
0.59	0.79	1	0.5	0.19	-1.38	-1.69	YDR062W
0.86	0.78	0.83	0.31	0.3	-1.39	-1.69	YDR064W
-0.7	-0.62	-0.64	-0.7	-0.43	1.93	1.16	YDR070c
-1.06	-0.99	-0.93	0.32	0.21	1.88	0.57	YDR074W
-1.23	-0.95	-0.88	-0.07	0.6	1.62	0.9	YDR077W
-1.31	-0.7	0.25	-0.72	-0.37	1.43	1.42	YDR085C
1.15	1.01	1.08	-0.5	-0.9	-1.54	-0.29	YDR101C
-0.9	-0.44	-0.42	-0.68	-0.64	1.2	1.87	YDR125C
1.14	0.96	0.72	0.17	-0.08	-1.31	-1.59	YDR144C
-1.16	-0.46	-0.01	-0.66	-0.68	1.75	1.21	YDR148C
1.04	0.97	1.12	-0.1	-0.4	-1.52	-1.11	YDR165W
-0.91	-0.87	-0.66	-0.35	-0.28	1.65	1.43	YDR171W
-1.17	-1.02	-0.42	-0.15	-0.19	1.45	1.5	YDR178W
1.17	1.02	0.79	-0.05	-0.14	-1.51	-1.29	YDR206W
-0.58	-0.46	-0.8	-0.69	-0.59	1.3	1.81	YDR216W
-1.02	-1.06	-0.54	-0.34	-0.03	1.54	1.43	YDR231C
-0.8	-0.73	-0.15	-0.08	-1.2	1.41	1.54	YDR255C
-1.04	-0.68	-1.02	-0.01	-0.23	1.53	1.43	YDR258C
-0.26	-0.36	-0.45	-1.24	-0.7	1.35	1.66	YDR262w
-0.85	-0.92	-0.39	-0.3	-0.36	2.15	0.66	YDR272W
-0.96	-0.65	-0.39	-0.41	-0.55	2.06	0.89	YDR272W
-1.23	-0.86	-0.39	-0.6	0.25	1.72	1.11	YDR277C
-1.49	-0.87	0.41	-0.47	-0.25	1.38	1.29	YDR298C
-0.52	-0.06	-0.41	-0.88	-1.1	1.77	1.2	YDR313C
0.75	0.85	1.04	0.12	0.24	-1.36	-1.64	YDR321W
0.99	0.89	1.11	-0.01	-0.43	-0.74	-1.81	YDR324C
-0.81	-0.71	-0.29	-0.81	-0.48	1.78	1.31	YDR329C
1.12	0.97	0.75	-0.03	0.08	-1.6	-1.29	YDR341C
-1.52	-1.16	-0.41	0.42	0.62	1.53	0.53	YDR342C
-1.7	-0.91	-0.27	0.53	0.01	0.86	1.48	YDR343C
0.97	0.83	1.25	0.02	-0.39	-1.18	-1.5	YDR361C
0.82	0.83	1.04	0.29	-0.02	-1.31	-1.66	YDR365C
0.76	0.65	0.56	0.54	0.56	-1.12	-1.95	YDR366C
1.32	1.07	0.79	-0.16	-0.82	-0.65	-1.54	YDR384C
1.03	0.95	0.92	-0.01	-0.09	-1	-1.79	YDR398W
0.74	0.82	0.99	0.25	0.23	-1.28	-1.74	YDR399W
0.93	0.74	0.7	0.27	0.36	-1.05	-1.95	YDR417C
0.73	0.7	0.81	0.38	0.37	-0.96	-2.03	YDR418W
0.99	0.69	0.6	0.27	0.53	-1.38	-1.71	YDR447C
0.98	0.7	0.82	0.24	0.29	-1.26	-1.77	YDR449C
1.08	0.66	0.69	0.11	0.43	-1.09	-1.88	YDR450W
1.06	1.03	1.09	-0.24	-0.49	-0.8	-1.64	YDR465C
1.03	0.79	0.78	-0.06	0.4	-1.1	-1.83	YDR471W
0.78	1	1.29	-0.09	-0.3	-1.22	-1.47	YDR492W
0.82	0.64	1.06	0.23	0.2	-1.05	-1.9	YDR500C
1.01	0.82	1.33	-0.09	-0.53	-1.18	-1.36	YDR502C
1.59	0.99	0.61	-0.46	-0.55	-1.44	-0.74	YDR508C
-0.9	-0.9	-0.64	-0.6	0.02	1.73	1.28	YDR513W
-1.26	-0.69	-0.48	0.02	-0.08	2.14	0.35	YDR516C
1.01	0.95	0.74	0.12	0.15	-1.68	-1.29	YDR527W
-0.9	-1.06	-0.67	-0.16	-0.19	1.29	1.7	YDR529C
-0.86	-0.74	-0.28	-0.42	-0.78	1.73	1.35	YDR533C
-1.15	-0.78	-0.47	-0.17	-0.47	1.4	1.62	YEL011w
-0.55	-0.79	-0.4	-0.38	-0.85	0.93	2.04	YEL012w
-1.17	-0.94	-0.57	-0.16	-0.08	1.21	1.71	YEL024w
0.93	0.6	1.2	0.32	-0.15	-1.33	-1.57	YEL026w
0.93	0.9	1.31	-0.05	-0.5	-1.23	-1.36	YEL033w
-0.72	-0.95	-0.61	-0.37	-0.4	1.89	1.15	YEL039c
0.8	1	1.17	-0.08	-0.34	-0.74	-1.81	YEL040w
1.04	1.11	0.98	0.03	-0.56	-1.12	-1.47	YEL046c
0.83	0.73	0.97	0.3	0.13	-1.06	-1.9	YEL054c
1.17	0.08	0.01	-1.45	-1.4	0.41	1.17	YEL065w
1.21	0.95	1.01	-0.38	-0.18	-1.45	-1.16	YER002w
1.18	0.75	1.25	-0.31	-0.31	-1.26	-1.3	YER006w
-0.6	-0.49	-0.24	-0.67	-0.78	0.54	2.24	YER024w
1.29	0.65	1.11	-0.11	-0.27	-1.42	-1.26	YER025w
-0.73	-0.78	-0.74	-0.75	0.15	2	0.85	YER035w
1.19	1.26	0.58	-0.06	-0.28	-1.34	-1.33	YER036c
1.04	0.85	1.24	-0.4	-0.19	-0.93	-1.61	YER043c
0.87	1.28	0.88	0.02	-0.54	-0.8	-1.7	YER049w
0.99	0.73	1.27	0.15	-0.45	-1.22	-1.47	YER052c
-1.64	-1.03	-0.3	0.22	0.36	0.98	1.42	YER053c
0.54	0.97	1.16	0.06	0.21	-1.33	-1.61	YER056c
0.61	1.07	1.17	-0.13	0.06	-1.04	-1.73	YER060w
-1.04	-0.85	-0.34	-0.1	-0.66	1.77	1.22	YER067w
0.98	0.84	1.01	0.33	-0.32	-1.58	-1.26	YER070w
0.77	0.58	1.02	0.37	0.11	-0.8	-2.05	YER074w
-0.9	-1.16	-0.18	-0.33	-0.38	1.18	1.77	YER079w
-0.84	-0.92	0.13	-0.32	-1	1.45	1.5	YER098w
0.93	0.77	1.31	0	-0.31	-1.5	-1.22	YER110c
0.66	0.66	0.72	0.61	0.33	-0.92	-2.07	YER117w
1.11	0.6	1	0.3	-0.07	-1.32	-1.61	YER129w
0.77	0.53	0.85	0.44	0.39	-0.94	-2.04	YER131w
-1.69	-0.6	0	0.41	-0.62	1.45	1.05	YER141w
-0.92	-0.51	0.19	-0.38	-1.25	1.55	1.33	YER142c
1.37	1.27	0.42	0.02	-0.7	-1.32	-1.05	YER145c
-1.28	-1.12	-0.35	-0.07	0.01	1.47	1.35	YER150w
-1.54	-1.15	0.28	-0.05	0.16	0.6	1.69	YER158c
1.27	1.25	0.78	-0.48	-0.51	-0.99	-1.32	YER165w
-0.9	-0.81	-0.15	-0.52	-0.71	1.56	1.52	YER175c
-0.81	-0.81	-0.59	-0.71	-0.05	1.97	0.98	YER182w
-1.33	-0.94	-0.77	-0.06	0.42	1.4	1.27	YFL014W
1.25	1.27	0.62	-0.24	-0.52	-0.85	-1.54	YFL022C
-1.11	-0.77	-0.11	-0.56	-0.27	0.8	2.03	YFL030W
0.6	0.67	1.42	0.3	-0.27	-0.95	-1.77	YFL045C
-1.26	-1.01	-0.68	0.32	-0.14	1.39	1.37	YFR015C
0.61	0.61	1.13	0.35	0.29	-1.07	-1.91	YFR031BC
-0.74	-0.93	-0.78	-0.46	-0.12	1.79	1.25	YFR033C
-0.91	-0.72	-0.63	0.12	0.74	2.07	-0.67	YFR053C
-1.11	-1	-1	0.17	0.22	1.45	1.27	YGL006W
0.85	0.85	0.7	0.53	0.13	-1.48	-1.59	YGL008C
0.59	0.69	1.06	0.18	0.48	-1.89	-1.11	YGL029W
0.74	0.67	0.92	0.28	0.4	-1.08	-1.94	YGL030W
-1.07	-0.88	-0.98	-0.01	0.33	1.85	0.76	YGL037C
-0.87	-0.77	-0.38	-0.8	-0.28	1.61	1.48	YGL045W
-1.15	-0.91	0.43	-0.07	-1	1.51	1.18	YGL059W
0.28	0.36	-0.89	-0.67	-0.68	-0.58	2.18	YGL062W
1.06	0.55	0.96	0.14	0.09	-0.82	-1.99	YGL076C
0.89	0.62	1.27	-0.05	-0.05	-0.78	-1.9	YGL078C
1.42	0.34	0.82	0.28	0.01	-1.51	-1.36	YGL092W
0.61	0.48	0.75	0.59	0.55	-0.89	-2.1	YGL102C
0.85	0.83	0.68	0.44	0.25	-1.17	-1.87	YGL103W
-1.12	-0.59	-0.59	-0.65	-0.04	1.79	1.2	YGL121C
0.66	0.69	1.02	0.4	0.25	-1.19	-1.84	YGL123W
0.56	0.76	1.1	0.43	0.14	-1.11	-1.86	YGL135W
0.71	0.77	0.95	0.33	0.2	-1	-1.96	YGL147C
-0.69	-0.6	-0.16	-0.54	-1.01	1.14	1.87	YGL153W
-1.09	-0.87	-0.58	-0.43	-0.02	1.4	1.6	YGL187C
-0.74	-0.85	-0.75	-0.75	0.06	1.58	1.45	YGL191W
-0.73	-1.02	-0.67	-0.44	0.01	2.02	0.84	YGL199C
0.51	0.72	1.24	0.41	0.04	-1.15	-1.78	YGL225W
-0.98	-0.91	-0.35	-0.19	-0.45	0.87	2.02	YGL259W
-1.17	-1.06	-0.6	0.05	-0.01	1.74	1.05	YGR008C
-0.99	-1.06	-0.4	-0.3	-0.28	1.56	1.46	YGR019W
0.59	0.51	0.77	0.57	0.61	-1.07	-1.99	YGR027C
-1.69	-0.59	-0.05	-0.37	0	1.44	1.26	YGR028W
1.04	0.7	0.85	0.02	0.39	-1.47	-1.54	YGR034W
-0.71	-0.9	-0.47	-0.5	-0.53	1.81	1.29	YGR043C
-1.3	-0.75	0.45	-0.46	-0.7	1.49	1.27	YGR052W
0.84	0.69	1.23	0.08	0.08	-1.3	-1.62	YGR060W
0.82	0.87	0.69	0.32	0.4	-1.45	-1.66	YGR061C
-0.68	-0.83	0.03	-0.65	-0.88	1.72	1.3	YGR066C
-0.89	-0.59	-0.85	-0.58	-0.15	1.37	1.7	YGR070W
-0.81	-0.88	-0.77	-0.38	-0.21	1.77	1.28	YGR088W
1.01	0.8	1.18	-0.08	-0.29	-0.83	-1.78	YGR103W
-0.42	-0.54	0	-0.7	-1.12	0.72	2.06	YGR110W
0.74	0.67	0.7	0.43	0.57	-1.22	-1.88	YGR118W
1.06	0.82	1.05	-0.3	-0.06	-0.71	-1.87	YGR123C
0.93	1.11	1	-0.06	-0.23	-1.2	-1.55	YGR124W
-0.62	-0.7	-0.5	-0.4	-0.82	1.95	1.11	YGR130C
-1.23	-0.81	1.79	0.78	-0.42	-0.69	0.58	YGR138C
-0.97	-0.79	-0.5	-0.5	-0.24	1.11	1.9	YGR142W
1	0.71	1.3	-0.08	-0.29	-1.03	-1.63	YGR145W
-0.29	-0.15	-0.46	-1.2	-0.87	1.31	1.67	YGR146C
0.84	0.75	0.71	0.36	0.38	-1.13	-1.91	YGR148C
-1.35	-1.18	0.2	0.09	-0.41	1.21	1.45	YGR149W
1.07	1.03	0.81	0.04	-0.42	-0.64	-1.89	YGR155W
1.16	0.97	1.04	-0.5	-0.54	-0.41	-1.71	YGR159C
1.23	1.07	0.78	-0.22	-0.21	-1.04	-1.6	YGR160W
0.98	1.05	1.01	-0.11	-0.28	-0.93	-1.72	YGR162W
-0.94	-0.93	-0.6	-0.35	-0.22	1.74	1.3	YGR174C
0.53	1.29	0.86	-0.77	-1.06	0.63	-1.49	YGR177C
-1.54	-0.83	-0.4	0.06	-0.01	1.54	1.18	YGR194C
-0.85	-1.07	0.34	-0.47	-0.81	1.59	1.28	YGR201C
0.81	0.7	1	0.19	0.27	-1.1	-1.88	YGR214W
-0.49	-0.52	-0.59	-0.72	-0.81	1.76	1.37	YGR236C
-0.75	-0.65	-0.34	-0.77	-0.63	1.55	1.59	YGR238C
-0.64	-0.6	-0.67	-0.54	-0.69	1.81	1.33	YGR243W
-1.35	-1.06	-0.45	-0.23	0.42	1.53	1.14	YGR244C
1.23	1.13	1	-0.46	-0.61	-1.09	-1.2	YGR245C
-1	-1.06	-0.51	-0.35	0.14	1.94	0.84	YGR248W
-0.86	-1.1	-0.35	-0.68	0.07	1.13	1.78	YGR250C
-0.31	-0.39	-0.14	-1.38	-0.69	1.66	1.26	YGR256W
1.08	1.09	0.7	0.04	-0.05	-1.64	-1.21	YGR264C
1.23	1.02	0.85	-0.66	-0.21	-0.53	-1.72	YGR280C
0.82	0.69	1	-0.16	0.52	-0.98	-1.9	YGR285C
-0.81	-0.61	-0.16	-0.79	-0.68	1.85	1.2	YGR289C
0.82	0.43	0.82	0.7	0.32	-1.25	-1.83	YHL001W
0.69	0.84	0.63	0.48	0.4	-1.05	-1.99	YHL015W
-1.34	-0.84	-0.38	-0.08	-0.25	1.65	1.24	YHL021C
-1.13	-0.78	0.01	-0.5	-0.54	1.12	1.82	YHL024W
-0.72	-0.65	-0.12	-0.8	-0.72	1.11	1.91	YHL032C
0.92	0.8	0.76	0.39	0.06	-1	-1.94	YHL033C
0.86	0.69	0.92	0.25	0.25	-1	-1.96	YHR010W
0.65	1.03	1.08	0.22	-0.09	-1.21	-1.68	YHR019C
0.46	0.43	1.68	0.56	-0.89	-1.41	-0.83	YHR046C
1.03	0.95	0.47	0.26	0.31	-1.69	-1.34	YHR049W
-0.74	-0.91	-0.75	-0.52	-0.15	1.36	1.7	YHR051W
1.25	0.91	0.84	-0.27	0.02	-1.22	-1.53	YHR052W
1.05	1.07	0.73	0.12	-0.15	-1.1	-1.72	YHR064C
1.38	1.09	0.63	-0.58	-0.01	-1.27	-1.25	YHR070W
0.8	0.66	0.86	0.25	0.52	-1.29	-1.79	YHR089C
-1.62	-1.01	-0.25	0.58	0.56	1.62	0.12	YHR092C
-0.76	-0.69	-0.04	-0.35	-0.94	0.65	2.12	YHR096C
-0.81	-0.83	-0.43	-0.32	-0.4	2.21	0.58	YHR104W
1	0.84	1	0	0.06	-1.2	-1.7	YHR128W
0.87	0.62	0.59	0.49	0.39	-0.86	-2.09	YHR141C
-0.9	-0.59	-0.04	-0.7	-0.65	2.06	0.82	YHR195W
0.8	0.98	0.8	0.13	0.31	-1.22	-1.78	YHR203C
1.51	0.85	0.63	-1.21	-0.96	-1.07	0.24	YHR205W
1.64	1.23	0.23	-0.57	-0.62	-0.6	-1.3	YHR206W
0.93	0.91	0.81	-0.26	0.27	-0.63	-2.03	YHR208W
1.11	1.18	0.89	-0.24	-0.45	-1.56	-0.95	YHR215W
0.88	0.87	0.92	0.11	0.21	-1.29	-1.7	YHR216W
0.86	0.63	0.83	0.3	0.35	-0.96	-2.01	YIL018W
1.38	0.57	1.25	-0.36	-1.21	-0.45	-1.18	YIL019W
0.92	0.82	0.49	0.29	0.51	-1.1	-1.92	YIL039W
1.02	0.46	0.85	0.46	0.21	-1.16	-1.85	YIL052C
1.19	0.94	0.74	0.11	-0.16	-1.13	-1.69	YIL053W
1.3	0.88	0.66	-0.19	-0.1	-0.64	-1.91	YIL065C
1.1	0.9	0.84	0.21	-0.15	-1.29	-1.6	YIL066C
1.1	0.56	0.67	0.38	0.31	-1.21	-1.82	YIL069C
-1.11	-1.06	-0.4	-0.21	-0.16	1.62	1.33	YIL087C
1.12	1	0.91	-0.12	-0.17	-1.18	-1.57	YIL091C
-0.8	-0.35	-0.55	-0.66	-0.76	1.67	1.46	YIL097W
-0.85	-0.97	-0.29	-0.09	-0.82	1.35	1.66	YIL101C
-1.01	-0.91	-0.92	-0.22	0.14	1.44	1.48	YIL107C
-1.21	-0.97	-0.4	0.05	0.43	2.06	0.04	YIL111W
-0.73	-0.75	-0.7	-0.35	-0.47	2.04	0.95	YIL113W
-0.69	-0.35	-0.54	-0.81	-0.41	0.56	2.23	YIL125W
0.94	0.86	0.8	0.18	0.2	-1.15	-1.83	YIL133C
-1.22	-0.72	-0.38	-0.71	0.39	1.92	0.72	YIL136W
0.93	0.77	0.45	0.27	0.47	-0.79	-2.1	YIL148W
-0.85	-0.49	-0.05	-0.5	-0.87	2.16	0.6	YIL162W
-1.16	-0.94	-0.04	-0.28	-0.51	1.74	1.19	YIR038C
-1.13	-1.48	-0.09	0.3	-0.21	1.29	1.32	YIR039C
-0.78	-0.62	0.04	-0.5	-0.93	0.68	2.11	YJL045W
1.1	1.03	0.99	-0.33	-0.18	-0.99	-1.62	YJL050W
-0.89	-0.6	-0.69	-0.61	-0.34	1.65	1.48	YJL067W
1.34	1.02	1.02	-0.66	-0.53	-1.15	-1.04	YJL069C
-1.95	-0.82	0.28	-0.05	0.71	1.3	0.52	YJL079C
1.09	0.82	0.44	0.34	0.22	-0.93	-1.98	YJL080C
-0.82	-0.58	-0.49	-0.45	-0.5	0.64	2.21	YJL089W
-1.01	-0.6	-0.68	-0.58	-0.2	1.35	1.72	YJL103C
0.91	1.01	0.88	-0.07	0	-1.93	-0.81	YJL109C
1.06	0.9	0.72	0.18	0.13	-1.59	-1.4	YJL111W
1.03	0.86	1.09	-0.18	-0.06	-1.03	-1.71	YJL122W
0.82	0.51	0.98	0.54	0.09	-0.98	-1.96	YJL136C
-0.6	-0.42	-0.19	-0.45	-1.23	0.9	1.98	YJL137C
0.86	0.74	1.04	0.37	-0.06	-1.17	-1.77	YJL138C
-1.03	-0.3	-0.34	-0.74	-0.57	1.93	1.05	YJL141C
-0.91	-0.96	-0.18	-0.26	-0.56	2.03	0.84	YJL144W
0.98	0.62	1.07	-0.03	0.05	-0.68	-2.01	YJL148W
-0.87	-0.63	-0.52	-0.77	-0.23	1.94	1.08	YJL151C
-1.16	-0.44	0.27	-0.53	-1	1.5	1.36	YJL153C
-1.37	-0.77	-0.14	-0.48	-0.15	1.53	1.38	YJL155C
0.59	0.77	0.56	0.55	0.66	-1.36	-1.78	YJL157C
-0.69	-0.88	-0.6	-0.45	-0.52	1.6	1.54	YJL161W
-0.66	-0.73	-0.57	-0.39	-0.65	0.92	2.07	YJL163C
-1.19	-1.28	-0.34	0.73	-0.34	1.57	0.85	YJL164C
1.02	0.82	0.83	0.26	0.06	-1.26	-1.72	YJL177W
0.99	0.82	0.76	0.3	0.12	-1.14	-1.83	YJL183W
0.74	0	0.81	0.7	0.43	-0.85	-1.84	YJL188C
1.13	0.34	0.63	0.29	0.63	-1.2	-1.81	YJL189W
0.67	0.34	0.91	0.65	0.45	-1.04	-1.98	YJL190C
1.9	0.88	-0.07	-0.51	-0.39	-0.37	-1.44	YJL194W
1.72	1.26	-0.62	-0.97	-0.9	-0.55	0.07	YJL195C
0.83	1	1.08	0.06	-0.14	-1.66	-1.17	YJR003C
-1	-0.59	0.19	-0.28	-1.19	1.56	1.31	YJR008W
1.05	1.21	0.8	-0.2	-0.15	-1.52	-1.19	YJR016C
1.3	0.54	0.94	0.08	0	-1.41	-1.46	YJR041C
-0.75	-0.86	-0.58	-0.69	-0.13	1.09	1.92	YJR048W
1.37	0.98	0.49	0.2	-0.39	-0.99	-1.66	YJR054W
1.11	0.53	0.91	0.26	-0.2	-0.56	-2.06	YJR063W
1.1	0.81	0.6	0.29	0.2	-1.24	-1.77	YJR071W
-1.39	-1.2	-0.33	0.01	0.42	1.58	0.91	YJR073C
-0.8	-0.55	0.03	-0.25	-1.32	1.64	1.25	YJR080C
-0.91	-0.81	0.27	-0.57	-0.6	0.48	2.13	YJR095W
-1.2	-0.57	-0.59	-0.45	0.13	2.06	0.63	YJR096W
0.45	0.68	1.54	0.24	-0.15	-1.15	-1.6	YJR105W
-0.86	-0.89	-0.58	-0.44	-0.13	0.85	2.05	YJR121W
0.8	0.79	0.87	0.31	0.28	-1.2	-1.84	YJR123W
0.9	0.88	0.55	0.2	0.36	-0.86	-2.05	YJR145C
-0.14	-0.43	-0.68	-0.89	-0.92	1.58	1.48	YJR155W
0.77	0.65	0.76	0.49	0.23	-0.77	-2.13	YKL006W
1	0.66	1.06	0.26	-0.07	-1.18	-1.73	YKL009W
-0.69	-0.82	-0.71	-0.64	-0.25	1.71	1.4	YKL016C
-0.82	-0.79	-0.66	-0.5	-0.31	1.84	1.24	YKL026C
-1.27	-0.74	-0.27	0.31	-0.27	2.14	0.09	YKL035W
0.72	0.65	0.87	0.46	0.41	-1.76	-1.35	YKL057C
1.42	-0.64	-0.67	-0.17	-0.26	1.57	-1.24	YKL061W
0.93	0.77	1.05	0.53	-0.5	-1.33	-1.45	YKL076C
0.94	1	1.07	-0.68	-0.46	-0.05	-1.82	YKL078W
1.04	0.79	0.94	-0.02	0.19	-1.33	-1.61	YKL081W
1.22	0.92	0.91	-0.27	-0.09	-1.06	-1.62	YKL082C
-1.02	-1.04	-0.79	-0.21	0.19	1.58	1.3	YKL085W
-0.82	-0.27	-0.29	-0.71	-0.98	1.57	1.49	YKL093W
-1.12	-0.15	0.98	1.33	0.91	-0.61	-1.34	YKL096W
-1.38	-0.8	-0.67	-0.16	0.39	1.75	0.87	YKL103C
1.65	0.86	0.36	-0.41	-1.11	0.05	-1.41	YKL106W
-1.13	-0.27	1.06	0.51	1.08	0.46	-1.7	YKL108W
-0.99	-0.66	-0.22	-0.58	-0.62	1.24	1.81	YKL109W
-0.89	-1.11	-0.55	-0.39	0.05	1.05	1.85	YKL141W
-1.08	-0.7	-0.7	-0.37	0.29	2.11	0.45	YKL142W
-1.09	-0.82	-0.47	-0.67	0.07	1.51	1.48	YKL148C
-0.88	-0.65	-0.85	-0.39	0	1.62	1.14	YKL150W
-1.09	-0.68	-0.29	-0.25	-0.66	1.92	1.05	YKL151C
0.98	0.81	0.59	0.4	0.25	-1.17	-1.85	YKL156W
-0.42	-0.25	0.06	-1.29	-0.98	1.52	1.35	YKL163W
1.12	0.91	0.84	0.15	-0.13	-1.39	-1.49	YKL181W
1.35	1.04	0.37	-0.75	-0.47	-1.77	0.23	YKL185W
-0.53	-0.52	-0.41	-0.7	-0.88	1.08	1.96	YKL187C
1.28	1	0.82	-0.43	-0.46	-1.76	-0.45	YKL191W
-0.69	-0.78	-0.92	-0.44	-0.09	2.02	0.9	YKL193C
-0.82	-0.58	-0.52	-0.74	-0.47	1.49	1.65	YKL217W
0.61	0.56	1.15	0.45	0.3	-1.6	-1.47	YKR013W
-1.16	-0.98	-0.32	-0.33	-0.18	1.66	1.3	YKR016W
0.81	1.03	0.94	-0.71	-1.19	0.58	-1.46	YKR024C
1.16	0.6	0.85	0.27	-0.03	-0.95	-1.9	YKR025W
1.1	0.43	0.6	0.53	0.21	-0.82	-2.06	YKR043C
1.29	0.96	0.95	-0.52	-0.31	-0.78	-1.6	YKR056W
0.94	0.49	0.85	0.53	0.19	-1.13	-1.88	YKR057W
-0.91	-0.87	-0.42	-0.32	-0.57	1.71	1.38	YKR058W
0.81	0.67	1.09	0.29	0.04	-0.98	-1.92	YKR059W
-1.15	-1.04	-0.73	-0.24	0.41	1.18	1.56	YKR067W
-0.81	-0.72	-0.31	-0.48	-0.74	1.19	1.88	YKR076W
0.86	0.65	0.77	0.37	0.44	-1.32	-1.78	YKR094C
-0.91	-0.71	-0.36	-0.33	-0.78	1.56	1.54	YLL001w
1.18	1	0.41	0.21	0.14	-1.39	-1.57	YLL004w
1.12	1.14	0.91	-0.47	-0.12	-1.15	-1.43	YLL008w
1.55	1.18	0.29	-0.55	-0.26	-0.71	-1.5	YLL012W
1.36	0.84	0.55	0.12	0	-1.53	-1.34	YLL021w
-0.91	-0.93	-0.26	-0.31	-0.48	2.06	0.83	YLL023C
-0.88	-0.88	-1.07	-0.12	0.03	1.33	1.59	YLL026w
-1.15	-1.2	-0.62	-0.07	0.27	1.34	1.41	YLL041c
1.09	0.82	0.64	0.37	0.1	-1.28	-1.72	YLL044W
0.82	0.51	0.58	0.56	0.56	-1.03	-2.01	YLL045c
1.18	0.61	0.58	0.33	0.05	-0.67	-2.08	YLL047W
1.23	0.73	0.81	0.11	0	-1.18	-1.7	YLR009W
0.74	0.49	0.76	0.65	0.38	-1.04	-1.99	YLR029c
-0.72	-0.91	-0.58	-0.96	0.27	1.2	1.7	YLR038c
0.93	0.62	0.68	0.55	0.09	-0.78	-2.09	YLR044c
0.8	0.72	0.92	0.4	0.2	-1.22	-1.82	YLR048w
0.83	0.66	0.98	0.33	0.26	-1.74	-1.31	YLR056w
0.06	0.26	0.93	0.22	1.36	-1.13	-1.7	YLR058c
0.63	1	0.77	0.18	0.21	-0.67	-2.12	YLR060w
1.04	0.64	0.8	0.23	0.32	-1.29	-1.74	YLR061W
0.83	0.61	0.71	0.33	0.56	-1.08	-1.96	YLR062C
0.73	0.48	1.74	-0.21	-0.26	-1.15	-1.34	YLR068W
1.22	0.98	1.07	-0.6	-0.29	-0.88	-1.49	YLR073C
0.83	0.55	0.71	0.67	0.26	-1.05	-1.97	YLR076C
-0.83	-0.98	-0.63	-0.22	0	1.74	0.93	YLR080W
0.71	0.57	0.96	0.48	0.39	-1.49	-1.63	YLR083c
1.25	1.11	0.37	-0.01	0.13	-1.47	-1.38	YLR084C
1.05	0.88	-1.06	-1.42	0.39	1.03	-0.87	YLR109W
0.83	0.78	0.89	0.23	0.25	-1.89	-1.1	YLR129w
0.82	1.08	0.84	0.25	-0.12	-1.1	-1.78	YLR134w
-0.88	-0.77	-0.83	-0.17	-0.42	1.44	1.64	YLR149C
-0.83	0	-0.78	-0.46	-0.71	1.63	1.15	YLR164W
-0.95	-0.32	-0.29	-0.61	-0.9	1.53	1.54	YLR168C
-0.69	-0.84	0.02	-0.49	-0.71	0.51	2.19	YLR174W
0.72	0.87	1.15	0.08	-0.01	-0.93	-1.88	YLR175W
-1.05	-1.04	-0.88	-0.08	0.38	1.75	0.92	YLR178C
0.91	1.09	0.57	0.26	0.18	-1.34	-1.66	YLR179C
0.93	1	0.96	0.05	-0.06	-1.23	-1.64	YLR180W
0.94	0.68	0.72	0.4	0.3	-1.18	-1.87	YLR185W
1.11	0.96	0.64	-0.22	0.16	-0.7	-1.97	YLR186W
1.01	0.83	1.02	-0.07	-0.14	-0.73	-1.92	YLR196W
0.82	0.52	0.97	0.35	0.27	-0.89	-2.03	YLR198C
0.91	0.59	1.01	0.41	0.07	-1.24	-1.76	YLR212C
1.7	1.04	0.41	-0.61	-0.74	-0.51	-1.3	YLR214W
-0.45	-0.62	-0.58	-0.56	-0.77	2.1	0.88	YLR216C
-0.38	-0.47	-0.88	-0.75	-0.6	1.86	1.22	YLR217W
-0.79	-0.57	-0.41	-0.67	-0.68	1.78	1.34	YLR219W
1.39	0.85	0.97	-0.32	-0.41	-1.46	-1	YLR221C
1.49	0.75	0.33	0.33	-0.14	-1.11	-1.65	YLR223C
1.21	0.73	0.99	-0.08	-0.02	-1.52	-1.31	YLR243W
1.42	0.73	0.55	0.15	-0.07	-1.05	-1.74	YLR244C
0.76	0.72	0.81	-0.07	0.63	-0.78	-2.06	YLR249W
-1.26	-0.97	-0.94	0.31	0.38	1.61	0.87	YLR258W
-0.29	-0.45	-1.3	-0.5	-0.39	1.05	1.88	YLR259C
0.59	0.38	1.11	0.72	0.16	-1.05	-1.91	YLR264W
-0.65	-0.42	-0.29	-0.64	-0.99	1.01	1.98	YLR267W
-0.72	-0.85	-0.61	-0.21	-0.45	2.16	0.68	YLR270W
-1.02	-0.58	-0.65	-0.36	-0.48	1.75	1.34	YLR271W
1.32	1.07	0.62	-0.16	-0.19	-1.53	-1.14	YLR280C
1.45	0.84	0.68	-0.23	-0.29	-0.7	-1.76	YLR293C
-0.66	-1.15	-0.64	-0.46	-0.08	1.75	1.24	YLR294C
-0.54	-0.78	-0.96	-0.41	-0.42	1.66	1.44	YLR295C
-1.74	-0.14	-0.2	-0.25	-0.36	1.59	1.09	YLR297W
-0.96	-0.69	-0.99	-0.55	0.31	1.3	1.59	YLR299W
0.08	0.59	1.22	0.44	0.54	-0.9	-1.96	YLR300W
-1.2	-0.74	-0.81	-0.15	0.07	0.97	1.84	YLR304C
-0.78	-0.74	-0.5	-0.33	-0.62	0.9	2.07	YLR311C
-0.91	-0.96	-0.31	-0.14	-0.59	0.92	1.99	YLR312C
0.66	0.63	0.75	0.65	0.31	-0.96	-2.04	YLR325C
-0.96	-1.07	-0.75	-0.13	0	1.73	1.17	YLR327C
0.84	0.98	0.82	0.35	-0.07	-1.1	-1.82	YLR339C
0.7	0.79	0.93	0.44	0.13	-1.07	-1.92	YLR340W
0.26	0.74	0.84	0.82	0.44	-1.5	-1.6	YLR342W
0.95	0.83	0.6	0.14	0.41	-0.95	-1.99	YLR344W
-1.2	-0.81	-0.73	-0.12	-0.1	1.48	1.48	YLR345W
1.4	1.1	0.56	-0.25	-0.22	-1.43	-1.16	YLR355C
-1.29	0	-0.62	-0.29	-0.33	1.79	0.74	YLR356W
0.08	0.7	1.14	0.28	0.72	-1.05	-1.87	YLR359W
0.8	0.75	0.77	0.43	0.27	-1.07	-1.95	YLR367W
0.46	0.73	1.05	0.28	0.44	-0.97	-1.98	YLR372W
1.58	0.87	0.52	-0.57	-0.61	-0.13	-1.66	YLR380W
0.98	0.77	0.75	0.48	0.01	-1.79	-1.2	YLR384C
0.84	0.3	1.07	0.56	0.22	-1.14	-1.85	YLR388W
-1.01	-1.1	-0.44	-0.58	0.32	1.11	1.7	YLR395C
0.91	1.29	1.14	-0.65	-0.4	-1.21	-1.08	YLR397C
0.98	1.16	1.05	-0.26	-0.3	-1.29	-1.34	YLR409C
0.8	0.91	1.05	0.1	0.09	-1.3	-1.65	YLR413W
-1.44	-0.9	0.04	-0.55	0.16	1.59	1.11	YLR423C
0.89	0.79	0.93	0.24	0.17	-1.33	-1.69	YLR432W
0.75	0.79	1.25	-0.63	0.47	-1.6	-1.03	YLR435W
1.2	0.88	0.6	0.17	0.08	-1.22	-1.7	YLR448W
0.93	0.94	1.11	-0.2	0.02	-1.59	-1.2	YLR449W
-0.92	-0.16	-0.63	-0.79	-0.39	2.07	0.82	YML004C
-0.83	-0.6	-0.01	-0.65	-0.93	1.25	1.77	YML042W
-1.01	-0.62	-0.21	-0.65	-0.58	1.3	1.76	YML054C
0.73	0.61	1.15	0.57	-0.17	-1.78	-1.11	YML059C
0.66	0.66	0.83	0.46	0.43	-1.09	-1.96	YML063W
-1.15	-0.87	-1.1	0.26	0.22	1.14	1.51	YML100W
-0.73	-1.13	-0.75	-0.35	-0.02	1.38	1.61	YML120C
0.97	0.96	1.02	-0.03	-0.13	-1.68	-1.12	YML123C
-1.19	-0.98	-0.46	-0.07	-0.21	1.72	1.19	YML128C
0.81	1.09	1.22	0.07	-0.66	-1.17	-1.36	YMR011W
1.35	0.83	0.91	-0.24	-0.18	-1.3	-1.38	YMR014W
-0.89	-0.89	-0.38	-0.43	-0.43	1.91	1.12	YMR030W
-1.17	-0.95	-0.42	-0.39	0.27	0.72	1.95	YMR031C
1.63	0.98	0.21	-0.05	-0.22	-1.41	-1.13	YMR037C
1.28	0.79	0.92	-0.06	-0.22	-1.08	-1.63	YMR049C
-1.02	-1.03	-0.43	-0.42	0.11	0.83	1.96	YMR056C
1.3	0.84	0.81	-0.04	-0.15	-1.12	-1.63	YMR058W
1.18	1.2	0.33	0.31	-0.25	-1.33	-1.46	YMR080C
-0.93	-1.05	-0.14	-0.73	-0.13	1.39	1.59	YMR081C
-1.18	-0.84	-0.21	-0.54	0.32	2.08	0.37	YMR090W
1.25	1.19	0.67	-0.26	-0.34	-0.91	-1.6	YMR093W
-1.3	-0.91	-0.74	0.25	-0.03	1.62	1.12	YMR105C
-0.76	-0.63	-0.58	-0.67	-0.51	1.58	1.57	YMR107W
1.47	1.15	0.6	-0.46	-0.61	-1.44	-0.7	YMR108W
-0.97	-0.75	-0.67	-0.61	-0.05	1.69	1.36	YMR110C
-1.38	-0.26	1.39	-0.76	-0.67	0.24	1.42	YMR114C
0.77	0.38	0.76	0.74	0.31	-0.94	-2.04	YMR121C
0.97	1.16	0.99	-0.48	-0.09	-0.91	-1.63	YMR128W
1.31	1.05	0.32	0.32	-0.23	-1.54	-1.24	YMR129W
0.88	0.77	1	0.25	-0.19	-0.7	-2.01	YMR131C
-1.41	-0.78	-0.39	-0.41	0.16	1.57	1.26	YMR133W
-1.52	-0.57	0.33	-0.53	-0.46	1.36	1.38	YMR136W
-0.86	-0.39	-0.93	-0.35	-0.56	1.66	1.43	YMR139W
1.04	0.93	0.86	-0.21	0.25	-1.21	-1.65	YMR146C
-0.74	-0.69	-0.72	-0.53	-0.31	2.05	0.94	YMR170C
-0.99	-1.07	0.02	-0.07	-0.81	1.41	1.5	YMR181C
-1.03	-0.81	-0.28	-0.38	-0.54	1.23	1.8	YMR191W
-1.23	-0.65	-0.6	-0.54	0.4	1.95	0.67	YMR195W
-1.12	-1.06	-0.93	0.26	0.25	1.65	0.95	YMR196W
0.64	0.97	0.28	0.07	0.85	-2.08	-0.73	YMR199W
0.91	0.5	0.91	0.27	0.5	-1.44	-1.64	YMR202W
0.67	0.64	1.09	0.31	0.33	-1.24	-1.79	YMR205C
-0.78	-0.71	-0.41	-0.4	-0.77	1.19	1.88	YMR206W
1.02	0.98	1.05	-0.18	-0.37	-0.71	-1.79	YMR217W
0.99	0.95	1.07	0.02	-0.24	-1.27	-1.52	YMR229C
1.14	0.74	1.14	-0.05	-0.2	-1.33	-1.43	YMR239C
1.24	0.98	0.67	-0.06	-0.02	-1.18	-1.63	YMR241W
0.84	0.76	0.87	0.33	0.24	-1.2	-1.83	YMR242C
0.88	1.17	1.18	-0.22	-0.51	-1.13	-1.37	YMR246W
-1.5	-1.03	-0.54	0.14	0.41	1.21	1.32	YMR250W
1.18	1.2	0.72	-0.03	-0.63	-0.87	-1.58	YMR259C
-0.86	-0.9	-0.12	-0.77	-0.38	1.7	1.33	YMR271C
1.19	0.88	0.86	0.06	-0.16	-1.27	-1.56	YMR290C
-1.81	-0.81	-0.17	0.05	0.38	0.94	1.42	YMR297W
0.27	0.32	0.69	0.56	1.11	-1.02	-1.94	YMR300C
0.59	0.41	0.94	0.44	0.72	-1.39	-1.71	YMR305C
1.11	0.78	0.91	0.19	-0.13	-1.14	-1.73	YMR308C
1.32	1.24	0.53	-0.23	-0.35	-1.06	-1.46	YMR309C
1.53	0.47	0.66	-0.64	-0.55	0.32	-1.79	YMR310C
-0.59	-0.84	-0.51	-0.52	-0.58	2	1.04	YMR311C
0.94	0.83	0.71	0.29	0.21	-1.06	-1.92	YMR318C
0.97	0.77	0.67	0.24	0.4	-1.23	-1.81	YMR321C
-0.74	-0.65	-0.45	-0.36	-0.91	1.45	1.67	YMR322C
1.05	0.78	0.9	-0.04	0.26	-1.68	-1.26	YNL002C
-0.47	-1.02	-0.38	-0.55	-0.58	1.02	1.98	YNL009W
0.91	0.8	1.05	0.22	-0.13	-1.79	-1.07	YNL013C
-0.97	-1.19	-0.45	-0.18	-0.1	1.77	1.12	YNL015W
0.52	-0.34	-0.98	-0.95	-0.99	1.43	1.31	YNL036W
-0.86	-0.59	-0.74	-0.43	-0.52	1.54	1.6	YNL037C
-1.17	-0.78	-0.15	-0.63	-0.17	1.87	1.04	YNL045W
-0.87	-0.88	-0.73	-0.55	0.03	1.24	1.76	YNL052W
-0.86	-1.25	-0.45	-0.13	-0.24	1.74	1.18	YNL055C
1.19	0.97	0.96	-0.15	-0.29	-1.28	-1.4	YNL060C
1.05	0.43	0.54	-0.58	-0.71	-1.84	1.1	YNL061W
0.84	1.11	1.11	0.01	-0.35	-1.45	-1.27	YNL062C
0.82	1.1	0.59	-0.17	0.6	-1.37	-1.58	YNL065W
0.49	0.54	0.89	0.38	0.5	-0.56	-2.23	YNL069C
1.06	0.8	0.94	0.22	-0.09	-1.54	-1.39	YNL075W
0.91	0.64	0.81	0.24	0.51	-1.47	-1.62	YNL087W
-1.28	0.33	-0.48	-0.46	-0.89	1.65	1.14	YNL093W
0.94	0.79	0.52	0.37	0.45	-1.26	-1.82	YNL096C
-1.05	-1.1	-0.77	-0.12	0.2	1.52	1.32	YNL100W
1.03	0.85	1.08	-0.04	-0.1	-1.19	-1.62	YNL110C
1.2	0.62	0.73	0.23	0.2	-1.24	-1.73	YNL111C
0.93	0.93	1.17	-0.11	-0.35	-0.82	-1.75	YNL112W
-1.21	-0.57	-0.25	-0.92	0.09	1.75	1.11	YNL115C
0.69	0.53	0.87	0.34	0.36	-0.59	-2.21	YNL119W
1.08	1.01	0.8	0.02	-0.08	-1.69	-1.14	YNL120C
1.34	1	0.48	0.06	-0.11	-1.22	-1.57	YNL123W
1.5	1.08	0.62	-0.55	-0.32	-1	-1.34	YNL124W
1.04	1.02	0.96	-0.07	-0.18	-1.2	-1.57	YNL132W
-0.62	-0.69	-0.69	-0.66	-0.49	1.72	1.42	YNL134C
0.9	1	0.97	-0.02	0.04	-1.32	-1.58	YNL141W
-0.97	-1.04	-0.71	-0.37	0.14	1.48	1.46	YNL144C
-1.27	-1.17	-0.42	-0.07	0.19	1.49	1.26	YNL160W
0.67	0.61	0.66	0.32	0.71	-0.88	-2.09	YNL162W
-0.94	-1.11	-0.74	0.03	-0.02	1.88	0.89	YNL173C
1.06	0.73	1.02	-0.21	-0.11	-2	-0.5	YNL174W
1.06	0.67	0.99	0.18	-0.08	-0.92	-1.89	YNL175C
1.07	0.9	1.17	-0.26	-0.2	-1.3	-1.37	YNL182C
1.2	1.49	0.28	-0.13	-0.36	-1.07	-1.41	YNL189W
-0.81	-0.61	-0.55	-0.73	-0.44	1.72	1.41	YNL194C
-1.14	-1	-0.71	-0.04	0.16	1.83	0.9	YNL200C
-0.76	-0.72	-0.44	-0.87	-0.33	1.53	1.59	YNL202W
1.15	1.1	0.84	-0.18	-0.26	-1.56	-1.1	YNL207W
0.9	0.95	0.51	0.01	0.18	-2.21	-0.33	YNL216W
0.9	0.86	1.04	0.29	-0.18	-1.46	-1.46	YNL221C
1.17	0.45	0.68	0.36	0.36	-1.28	-1.75	YNL235C
0.95	0.77	0.69	0.4	0.19	-1.08	-1.91	YNL247W
1.18	0.69	1.11	0.03	-0.26	-1.46	-1.3	YNL256W
-0.91	-0.86	-0.54	-0.23	-0.39	2.04	0.88	YNL274C
0.93	0.57	0.96	0.4	0.15	-1.21	-1.8	YNL301C
0.96	0.61	0.65	0.33	0.4	-0.9	-2.05	YNL302C
0.9	0.49	0.94	0.65	0.08	-1.56	-1.48	YNL303W
-1.04	-0.77	-0.28	-0.73	0.21	2.1	0.51	YNL305C
0.95	1.09	1.26	-0.67	-0.27	-1.26	-1.1	YNL308C
1.42	0.97	0.57	-0.03	-0.3	-1	-1.62	YNL313C
1.1	0.84	0.87	0.22	-0.11	-1.39	-1.53	YNL327W
-1.02	-0.78	-0.6	-0.54	-0.08	1.26	1.76	YNR001C
-0.72	-0.76	-0.61	-0.42	-0.61	1.84	1.27	YNR007C
1.56	0.35	0.43	0.18	0.35	-1.49	-1.37	YNR009W
0.76	0.69	1.28	0.07	0.07	-1.74	-1.13	YNR025C
1.51	1.1	0.54	-0.27	-0.6	-0.86	-1.43	YNR038W
1.2	0.86	0.9	-0.05	-0.23	-0.93	-1.76	YNR043W
1.77	0.54	0.7	-0.24	-0.35	-1.22	-1.2	YNR046W
1.16	0.92	0.28	-0.15	0.46	-0.66	-2.02	YNR050C
0.87	0.68	0.88	0.46	0.14	-1.2	-1.82	YNR051C
0.82	1.03	0.91	0.12	0.03	-1.12	-1.78	YNR053C
1.27	0.84	0.9	0	-0.27	-1.2	-1.54	YNR054C
0.89	0.97	0.72	0.44	-0.03	-1.73	-1.26	YNR067C
-0.69	-0.67	-0.45	-0.61	-0.55	2.12	0.85	YNR073C
0.96	1.18	0.85	0.04	-0.31	-1.1	-1.63	YNR075W
1.22	1.54	0.01	-0.1	-0.18	-1.17	-1.31	YOL007C
1.22	0.81	0.61	0.17	0.11	-1.2	-1.73	YOL010W
0.53	0.71	1.49	-0.06	0.08	-1.03	-1.72	YOL014W
1.19	1.47	0.54	-0.69	-0.64	-0.43	-1.44	YOL019W
-1.13	-0.84	-0.05	-0.19	-0.75	1.37	1.6	YOL117W
0.89	0.55	1.03	0.46	0.03	-1.18	-1.79	YOL120C
0.96	0.53	0.65	0.37	0.53	-1.1	-1.93	YOL121C
-0.46	-0.64	-0.52	-1.17	-0.23	1.26	1.76	YOL126C
0.91	0.38	0.85	0.42	0.5	-1.18	-1.87	YOL127W
1.37	1.37	0	-0.46	-1.08	-0.31	-0.89	YOL130W
-1.19	-0.73	-0.09	-0.78	-0.06	1	1.85	YOL153C
-1.01	-0.52	0.15	-0.99	-0.55	1.2	1.73	YOR019W
-0.12	-0.3	-0.84	-1.08	-0.66	1.3	1.71	YOR027W
-0.46	-0.7	-0.7	-0.71	-0.52	1.94	1.13	YOR031W
-1.3	-0.27	-0.38	-0.89	-0.05	1.2	1.69	YOR035C
1.23	1.01	0.66	-0.07	-0.03	-1.23	-1.58	YOL021C
-0.77	-0.74	-0.41	-0.52	-0.61	1.97	1.09	YOL032W
0.9	0.84	0.64	0.34	0.19	-0.85	-2.05	YOL040C
-1.01	-0.8	-0.46	-0.36	-0.44	1.72	1.36	YOL048C
-1.01	-1.08	-0.8	0.04	0.07	1.78	1	YOL053C
-1.19	-0.52	0.4	-0.54	-0.95	1.47	1.34	YOL053W
0.72	0.9	1.07	-0.02	0.3	-1.39	-1.58	YOL061W
-0.9	-0.96	-0.23	-0.4	-0.52	1.83	1.19	YOL071W
1.06	0.79	0.85	-0.18	0.28	-0.92	-1.88	YOL077C
0.85	1.09	1.28	-0.18	-0.58	-1.07	-1.39	YOL080C
-1.3	-0.84	-0.29	-0.54	0.12	1.18	1.68	YOL083W
-0.89	-0.47	0	-0.59	-0.67	0.69	1.93	YOL084W
1.03	1.13	1.16	-0.38	-0.62	-0.94	-1.37	YOL101C
-1.17	-1.23	-0.02	-0.45	0.06	1.5	1.3	YOR049C
-0.87	-0.62	-0.35	-0.4	-0.62	2.17	0.68	YOR052C
0.78	0.7	0.92	0.35	0.31	-1.23	-1.82	YOR063W
-0.82	-0.9	-0.64	-0.69	0.12	1.04	1.88	YOR065W
0.63	0.76	1.01	-1.31	-0.62	-1.41	0.95	YOR091W
1.03	0.49	0.92	0.39	0.2	-1.41	-1.63	YOR096W
-1.16	-0.77	-0.09	-0.34	-0.49	0.88	1.98	YOR100C
1.06	1.18	0.59	0.23	-0.27	-1.63	-1.17	YOR116C
0.56	0.53	0.98	0.57	0.43	-1.25	-1.84	YOR133W
-1.4	-0.87	-0.32	-0.39	0.19	1.63	1.16	YOR136W
1.29	0.75	0.87	-0.04	-0.36	-0.65	-1.86	YOR146W
0.98	0.86	0.9	0.33	-0.1	-1.42	-1.54	YOR153W
-1.21	-0.87	-0.48	0.07	-0.2	2	0.69	YOR161C
0.59	0.37	1.19	0.57	0.26	-1.13	-1.85	YOR167C
-0.94	-0.83	-0.25	-0.47	-0.6	1.69	1.4	YOR178C
0.79	0.26	0.69	0.8	0.44	-0.99	-2	YOR182C
0.8	0.86	1.28	-0.01	-0.35	-0.77	-1.81	YOR206W
-0.89	-0.95	-0.66	-0.34	-0.21	1.73	1.31	YOR215C
-0.8	-1.09	-0.21	-0.29	-0.61	1.8	1.2	YOR220W
1.05	0.59	0.83	0.21	0.09	-0.68	-2.09	YOR224C
-2.19	0.13	0.65	-0.51	0.52	1.04	0.36	YOR230W
1.14	0.91	1.14	-0.56	-0.13	-1.5	-1	YOR233W
0.89	0.89	0.65	0.37	0.23	-1.17	-1.86	YOR234C
0.79	0.83	0.48	0.51	0.45	-1.15	-1.92	YOR254C
1.25	0.77	0.93	-0.83	-0.84	0.3	-1.58	YOR271C
1.14	0.94	1.14	-0.7	-0.7	-0.23	-1.58	YOR272W
-1.26	-1.13	-0.47	0.13	-0.07	1.31	1.48	YOR273C
0.94	0.54	0.94	-0.01	0.61	-1.44	-1.58	YOR277C
-0.99	-1.1	-0.06	-0.26	-0.57	1.58	1.39	YOR289W
1.15	0.52	0.78	0.29	0.22	-1.1	-1.86	YOR293W
0.95	0.93	1.33	-0.5	-0.64	-0.48	-1.6	YOR294W
0.29	-0.06	0.26	1.66	0.55	-1.07	-1.62	YOR298W
0.87	0.72	0.9	0.14	0.37	-1.12	-1.87	YOR309C
0.85	0.69	1	0.18	0.14	-0.88	-1.99	YOR310C
0.91	0.65	0.93	0.22	0.18	-0.93	-1.98	YOR312C
-1.31	-0.61	-0.77	-0.32	0.11	1.37	1.53	YOR317W
0.43	0.67	0.72	0.53	0.79	-1.47	-1.67	YOR326W
1.17	1.18	0.71	-0.17	-0.2	-1.41	-1.28	YOR335C
1.17	1.1	0.83	0.07	-0.6	-1.46	-1.11	YOR341W
-1.77	-0.76	-0.29	0.03	0.5	1.53	0.76	YOR347C
1.05	1.15	0.99	-0.35	-0.24	-1.45	-1.16	YOR355W
-1.53	-1.25	0.59	-0.3	0.32	1.41	0.77	YOR358W
1.5	0.98	0.56	-0.21	-0.22	-1.24	-1.36	YOR361C
-1.26	-0.72	-0.88	-0.16	0.17	1.42	1.43	YOR374W
-1.1	-0.7	0.17	-0.18	-1.02	1.73	1.1	YOR386W
-0.7	-0.78	-0.11	-0.54	-0.9	1.21	1.82	YOR391C
-0.99	-0.54	-0.96	-0.45	0.09	1.94	0.91	YPL004C
1.15	0.85	0.95	0.1	-0.23	-1.36	-1.46	YPL012W
1.09	0.89	1.13	-0.28	-0.16	-1.51	-1.16	YPL019C
1.12	0.85	1.12	-0.07	-0.38	-1.07	-1.57	YPL030W
1.27	0.57	1.03	-0.21	-0.03	-0.81	-1.82	YPL032C
1	0.3	1.15	0.24	0.3	-1.58	-1.39	YPL034W
1.06	0.91	1.27	-0.58	-0.51	-0.53	-1.6	YPL043W
1.64	0.77	0.63	-0.62	-1.37	-1.02	-0.02	YPL061W
-1	-1.04	-0.6	-0.73	0.75	1.16	1.45	YPL078C
0.54	0.5	1.31	0.1	0.4	-0.92	-1.93	YPL079W
0.17	0.27	1.63	0.23	0.32	-0.74	-1.88	YPL080C
0.74	0.41	0.7	0.48	0.71	-1.06	-1.98	YPL081W
-1.36	-1.19	0.16	0.02	-0.3	1.43	1.25	YPL087W
0.63	0.52	1.03	0.52	0.39	-1.35	-1.74	YPL090C
1.25	0.93	0.84	0.07	-0.41	-1.14	-1.55	YPL093W
-1.35	-1.02	-0.52	-0.29	0.63	1.52	1.03	Ydr021w
1.12	1.17	0.82	-0.1	-0.53	-0.83	-1.65	YPL126W
0.8	0.83	0.89	-0.13	0.5	-0.99	-1.9	YPL131W
-0.44	-0.44	-0.57	-0.87	-0.77	1.33	1.77	YPL135W
0.85	0.36	0.91	0.63	0.28	-1.12	-1.9	YPL142C
0.92	0.47	1.22	0.12	0.21	-1.59	-1.36	YPL143W
-1.79	-1.02	0.05	0.14	0.6	1.41	0.6	YPL154C
0.88	0.98	0.53	0.5	0.17	-1.43	-1.63	YPL160W
-1.15	-0.68	-0.41	-0.54	-0.29	1.44	1.61	YPL165C
0.94	0.96	0.66	0.18	0.03	-2.04	-0.73	YPL183C
-0.84	-0.81	-0.53	-0.15	-0.74	1.68	1.39	YPL185W
-0.78	-0.94	-0.2	-0.52	-0.65	1.55	1.55	YPL186C
1.05	0.65	0.93	0.2	0.15	-1.25	-1.73	YPL198W
-0.84	-0.75	0	-0.65	-0.54	1.16	1.63	YPL201C
1.06	0.9	0.98	0.01	-0.14	-1.16	-1.65	YPL211W
0.63	0.58	0.96	0.25	0.55	-0.93	-2.03	YPL220W
-0.75	-0.9	-0.55	-0.43	-0.49	1.35	1.76	YPL223C
1.02	1.07	0.87	0.07	-0.3	-1.06	-1.68	YPL226W
-0.98	-0.77	-0.95	0.05	-0.32	1.52	1.46	YPL230W
0.65	1	0.78	0.24	0.35	-1.17	-1.85	YPL243W
0.58	0.82	1.16	0.05	0.3	-1.03	-1.87	YPL244C
0.84	0.8	0.84	0.21	0.39	-1.4	-1.68	YPL245W
1.06	0.94	0.42	-0.13	-0.51	0.33	-2.11	YPL256C
-0.49	-0.57	-0.56	-0.73	-0.64	0.9	2.09	YPL262W
0.75	0.71	1.22	0.11	0.17	-1.43	-1.53	YPL266W
0.97	1.19	0.6	0.06	0.06	-1.19	-1.69	YPR009W
-0.84	-0.93	-0.55	-0.56	-0.21	1.47	1.62	YPR020W
-0.71	-0.45	-0.44	-0.82	-0.63	1.08	1.97	YPR030W
0.99	1.16	0.54	0.05	0.11	-1.05	-1.81	YPR033C
0.95	1.03	0.98	-0.03	-0.1	-1.58	-1.25	YPR034W
0.72	0.52	0.97	0.49	0.42	-1.41	-1.7	YPR044C
0.78	0.75	0.82	0.33	0.42	-1.33	-1.76	YPR074C
-1.15	-1.07	0	-0.33	-0.2	0.82	1.92	YPR098C
0.79	0.5	0.71	0.51	0.52	-1.01	-2.02	YPR102C
1.12	1.14	0.89	-0.29	-0.24	-1.11	-1.51	YPR110C
0.96	0.8	0.94	0.2	-0.03	-1	-1.87	YPR112C
-0.45	-0.39	0.57	0.42	0.5	1.36	-2.01	YPR113W
1.09	1	0.49	0.18	0.09	-0.94	-1.91	YPR125W
1.31	0.84	0.27	-0.09	0.3	-2.01	-0.62	YPR136C
1.06	0.8	0.77	0.09	0.05	-0.74	-2.02	YPR137W
1.38	0.73	1.08	-0.23	-0.45	-1.33	-1.17	YPR143W
1.11	1.17	0.95	-0.41	-0.33	-0.97	-1.51	YPR144C
1.22	0.71	0.73	0.24	0.07	-1.6	-1.37	YPR145W
-0.98	-1.04	-0.7	-0.18	-0.05	1.32	1.64	YPR149W
-0.71	-0.95	-0.55	-0.49	-0.42	1.71	1.4	YPR150W
-1.76	-0.94	1.16	0.36	0.41	-0.35	1.12	YPR156C
-0.85	-0.71	-0.89	-0.41	-0.05	0.9	2	YPR184W
-0.98	-0.86	-1.03	-0.15	0.11	1.33	1.56	YDR258C
0.74	0.9	0.96	0.35	0.08	-1.33	-1.68	YHR098C
